data/ahn100_f.asc
ncols         350
nrows         171
xllcorner     152620
yllcorner     418050
cellsize      100
NODATA_value  -9999
[rows 39 to 77 of 171, columns 0 to 88 of 350]
-9999 -9999 -9999 -9999 -9999 -9999 -9999 -9999 -9999 -9999 -9999 -9999 -9999 -9999 -9999 -9999 -9999 -9999 -9999 -9999 -9999 -9999 -9999 -9999 -9999 -9999 -9999 -9999 -9999 -9999 -9999 -9999 -9999 -9999 -9999 -9999 -9999 -9999 -9999 -9999 -9999 -9999 -9999 -9999 -9999 -9999 -9999 700 610 610 481 481 581 802 423 423 423 598 598 698 530 558 506 491 497 488 464 449 445 474 462 447 437 431 440 406 399 402 418 425 441 423 437 427 441 419 450 460 455
-9999 -9999 -9999 -9999 -9999 -9999 -9999 -9999 -9999 -9999 -9999 -9999 -9999 -9999 -9999 -9999 -9999 -9999 -9999 -9999 -9999 -9999 -9999 -9999 -9999 -9999 -9999 -9999 -9999 -9999 -9999 -9999 -9999 -9999 -9999 -9999 -9999 -9999 -9999 -9999 -9999 -9999 -9999 -9999 -9999 -9999 649 700 600 600 527 650 750 702 702 423 486 664 579 679 557 547 535 520 498 485 467 459 453 447 451 440 421 417 443 409 420 431 448 409 419 426 444 434 430 420 445 454 446
-9999 -9999 -9999 -9999 -9999 -9999 -9999 -9999 -9999 -9999 -9999 -9999 -9999 -9999 -9999 -9999 -9999 -9999 -9999 -9999 -9999 -9999 -9999 -9999 -9999 -9999 -9999 -9999 -9999 -9999 -9999 -9999 -9999 -9999 -9999 -9999 -9999 -9999 -9999 -9999 -9999 -9999 -9999 -9999 -9999 -9999 596 600 600 527 527 627 650 650 702 486 486 664 764 1161 555 582 535 517 547 481 461 452 442 453 445 431 443 436 436 441 404 421 427 414 434 421 430 417 415 396 436 448 452
-9999 -9999 -9999 -9999 -9999 -9999 -9999 -9999 -9999 -9999 -9999 -9999 -9999 -9999 -9999 -9999 -9999 -9999 -9999 -9999 -9999 -9999 -9999 -9999 -9999 -9999 -9999 -9999 -9999 -9999 -9999 -9999 -9999 -9999 -9999 -9999 -9999 -9999 -9999 -9999 -9999 -9999 -9999 -9999 -9999 897 596 496 496 499 794 894 794 794 486 486 586 586 597 508 604 531 528 534 496 511 447 460 443 448 442 440 433 419 414 405 414 428 428 416 454 441 426 408 415 419 425 435 443
-9999 -9999 -9999 -9999 -9999 -9999 -9999 -9999 -9999 -9999 -9999 -9999 -9999 -9999 -9999 -9999 -9999 -9999 -9999 -9999 -9999 -9999 -9999 -9999 -9999 -9999 -9999 -9999 -9999 -9999 -9999 -9999 -9999 -9999 -9999 -9999 -9999 -9999 -9999 -9999 -9999 -9999 -9999 -9999 -9999 897 496 496 499 499 599 894 794 794 408 408 508 508 597 508 638 512 502 524 498 475 457 449 430 422 443 428 421 408 415 429 426 415 418 425 444 456 444 436 426 427 427 413 440
-9999 -9999 -9999 -9999 -9999 -9999 -9999 -9999 -9999 -9999 -9999 -9999 -9999 -9999 -9999 -9999 -9999 -9999 -9999 -9999 -9999 -9999 -9999 -9999 -9999 -9999 -9999 -9999 -9999 -9999 -9999 -9999 -9999 -9999 -9999 -9999 -9999 -9999 -9999 -9999 -9999 -9999 -9999 -9999 -9999 912 812 812 648 648 748 794 794 794 451 451 551 551 575 545 941 509 511 493 495 461 473 449 423 419 415 440 435 419 421 419 399 411 426 440 413 438 445 458 447 441 442 441 408
-9999 -9999 -9999 -9999 -9999 -9999 -9999 -9999 -9999 -9999 -9999 -9999 -9999 -9999 -9999 -9999 -9999 -9999 -9999 -9999 -9999 -9999 -9999 -9999 -9999 -9999 -9999 -9999 -9999 -9999 -9999 -9999 -9999 -9999 -9999 -9999 -9999 -9999 -9999 -9999 -9999 -9999 -9999 -9999 942 912 812 812 542 648 748 648 648 794 516 516 616 551 507 698 502 487 485 497 479 457 455 420 411 426 427 418 419 448 421 400 429 428 424 423 429 434 434 433 436 446 441 444 408
-9999 -9999 -9999 -9999 -9999 -9999 -9999 -9999 -9999 -9999 -9999 -9999 -9999 -9999 -9999 -9999 -9999 -9999 -9999 -9999 -9999 -9999 -9999 -9999 -9999 -9999 -9999 -9999 -9999 -9999 -9999 -9999 -9999 -9999 -9999 -9999 -9999 -9999 -9999 -9999 -9999 -9999 -9999 -9999 856 812 812 542 542 642 642 542 542 454 395 516 616 443 665 582 513 512 499 482 471 461 425 416 417 405 384 408 400 413 404 417 418 392 430 413 435 426 402 422 430 451 436 434 409
-9999 -9999 -9999 -9999 -9999 -9999 -9999 -9999 -9999 -9999 -9999 -9999 -9999 -9999 -9999 -9999 -9999 -9999 -9999 -9999 -9999 -9999 -9999 -9999 -9999 -9999 -9999 -9999 -9999 -9999 -9999 -9999 -9999 -9999 -9999 -9999 -9999 -9999 -9999 -9999 -9999 -9999 -9999 -9999 527 427 427 495 495 595 595 495 454 454 395 495 1042 707 529 506 515 517 491 470 577 460 433 419 410 396 404 398 397 399 403 392 460 415 440 441 436 472 442 437 427 437 432 438 425
-9999 -9999 -9999 -9999 -9999 -9999 -9999 -9999 -9999 -9999 -9999 -9999 -9999 -9999 -9999 -9999 -9999 -9999 -9999 -9999 -9999 -9999 -9999 -9999 -9999 -9999 -9999 -9999 -9999 -9999 -9999 -9999 -9999 -9999 -9999 -9999 -9999 -9999 -9999 -9999 -9999 -9999 -9999 627 527 427 427 569 779 879 495 495 454 554 480 576 497 514 508 509 514 519 482 518 477 472 443 433 439 398 419 409 398 415 385 410 394 424 426 416 437 455 479 428 444 425 423 428 419
-9999 -9999 -9999 -9999 -9999 -9999 -9999 -9999 -9999 -9999 -9999 -9999 -9999 -9999 -9999 -9999 -9999 -9999 -9999 -9999 -9999 -9999 -9999 -9999 -9999 -9999 -9999 -9999 -9999 -9999 -9999 -9999 -9999 -9999 -9999 -9999 -9999 -9999 -9999 -9999 -9999 -9999 -9999 594 427 427 569 569 669 694 594 378 478 478 614 487 514 474 478 490 468 532 493 475 464 461 412 402 426 398 413 393 406 392 436 425 413 423 427 431 438 434 440 409 433 412 424 434 438
-9999 -9999 -9999 -9999 -9999 -9999 -9999 -9999 -9999 -9999 -9999 -9999 -9999 -9999 -9999 -9999 -9999 -9999 -9999 -9999 -9999 -9999 -9999 -9999 -9999 -9999 -9999 -9999 -9999 -9999 -9999 -9999 -9999 -9999 -9999 -9999 -9999 -9999 -9999 -9999 -9999 -9999 -9999 519 419 419 433 483 583 824 378 478 481 1023 544 520 526 469 475 464 450 442 456 495 450 442 402 413 414 441 422 371 405 425 405 443 411 387 430 425 418 464 429 431 428 409 406 395 423
-9999 -9999 -9999 -9999 -9999 -9999 -9999 -9999 -9999 -9999 -9999 -9999 -9999 -9999 -9999 -9999 -9999 -9999 -9999 -9999 -9999 -9999 -9999 -9999 -9999 -9999 -9999 -9999 -9999 -9999 -9999 -9999 -9999 -9999 -9999 -9999 -9999 -9999 -9999 -9999 -9999 -9999 -9999 473 373 433 433 533 560 824 712 512 481 534 543 518 493 428 468 423 458 436 426 449 432 439 424 422 428 409 414 411 403 415 426 420 431 410 404 422 405 399 369 420 415 427 415 403 440
-9999 -9999 -9999 -9999 -9999 -9999 -9999 -9999 -9999 -9999 -9999 -9999 -9999 -9999 -9999 -9999 -9999 -9999 -9999 -9999 -9999 -9999 -9999 -9999 -9999 -9999 -9999 -9999 -9999 -9999 -9999 -9999 -9999 -9999 -9999 -9999 -9999 -9999 -9999 -9999 -9999 -9999 562 473 373 364 364 464 564 492 632 419 1004 562 548 508 507 477 459 457 448 430 470 415 418 434 428 420 429 384 420 434 431 416 417 421 438 406 407 409 393 397 410 385 421 414 392 405 399
-9999 -9999 -9999 -9999 -9999 -9999 -9999 -9999 -9999 -9999 -9999 -9999 -9999 -9999 -9999 -9999 -9999 -9999 -9999 -9999 -9999 -9999 -9999 -9999 -9999 -9999 -9999 -9999 -9999 -9999 -9999 -9999 -9999 -9999 -9999 -9999 -9999 -9999 -9999 -9999 -9999 -9999 562 373 373 501 524 624 551 492 619 536 549 583 554 516 480 473 459 455 443 421 405 422 407 415 418 432 420 416 421 409 432 402 485 453 426 391 378 397 391 398 410 387 451 432 398 399 412
-9999 -9999 -9999 -9999 -9999 -9999 -9999 -9999 -9999 -9999 -9999 -9999 -9999 -9999 -9999 -9999 -9999 -9999 -9999 -9999 -9999 -9999 -9999 -9999 -9999 -9999 -9999 -9999 -9999 -9999 -9999 -9999 -9999 -9999 -9999 -9999 -9999 -9999 -9999 -9999 -9999 590 590 490 501 501 601 601 598 633 619 495 540 675 533 563 492 458 469 491 438 479 409 405 413 410 428 387 426 409 409 450 410 630 547 407 381 380 353 382 401 399 377 404 421 431 406 392 412
-9999 -9999 -9999 -9999 -9999 -9999 -9999 -9999 -9999 -9999 -9999 -9999 -9999 -9999 -9999 -9999 -9999 -9999 -9999 -9999 -9999 -9999 -9999 -9999 -9999 -9999 -9999 -9999 -9999 -9999 -9999 -9999 -9999 -9999 -9999 -9999 -9999 -9999 -9999 -9999 -9999 647 490 490 376 376 476 596 557 604 601 1129 518 596 550 500 475 462 449 432 432 417 422 418 410 420 427 420 423 403 431 404 432 437 406 397 375 358 360 399 392 386 407 380 393 424 392 401 401
-9999 -9999 -9999 -9999 -9999 -9999 -9999 -9999 -9999 -9999 -9999 -9999 -9999 -9999 -9999 -9999 -9999 -9999 -9999 -9999 -9999 -9999 -9999 -9999 -9999 -9999 -9999 -9999 -9999 -9999 -9999 -9999 -9999 -9999 -9999 -9999 -9999 -9999 -9999 -9999 -9999 673 573 573 513 594 694 567 435 465 452 588 550 681 535 530 487 467 444 423 407 401 394 427 428 418 417 406 402 400 433 428 394 390 370 372 323 336 347 399 367 373 328 322 408 400 408 401 390
-9999 -9999 -9999 -9999 -9999 -9999 -9999 -9999 -9999 -9999 -9999 -9999 -9999 -9999 -9999 -9999 -9999 -9999 -9999 -9999 -9999 -9999 -9999 -9999 -9999 -9999 -9999 -9999 -9999 -9999 -9999 -9999 -9999 -9999 -9999 -9999 -9999 -9999 -9999 -9999 749 673 573 513 513 613 613 564 428 506 643 484 558 533 567 543 527 450 435 431 440 403 399 409 416 405 419 406 418 415 403 429 351 348 340 347 338 324 328 346 339 341 382 386 399 363 345 386 398
-9999 -9999 -9999 -9999 -9999 -9999 -9999 -9999 -9999 -9999 -9999 -9999 -9999 -9999 -9999 -9999 -9999 -9999 -9999 -9999 -9999 -9999 -9999 -9999 -9999 -9999 -9999 -9999 -9999 -9999 -9999 -9999 -9999 -9999 -9999 -9999 -9999 -9999 -9999 -9999 625 573 573 518 518 618 587 567 550 782 494 555 635 603 580 589 483 452 419 426 429 394 370 382 400 402 466 412 421 393 351 357 323 326 334 340 334 364 375 398 369 370 379 383 385 385 395 400 386
-9999 -9999 -9999 -9999 -9999 -9999 -9999 -9999 -9999 -9999 -9999 -9999 -9999 -9999 -9999 -9999 -9999 -9999 -9999 -9999 -9999 -9999 -9999 -9999 -9999 -9999 -9999 -9999 -9999 -9999 -9999 -9999 -9999 -9999 -9999 -9999 -9999 -9999 -9999 -9999 465 365 365 492 496 596 569 428 549 691 535 550 619 602 595 591 510 454 435 431 399 366 384 355 400 399 437 428 382 404 345 352 341 353 347 379 356 371 378 371 372 347 377 387 374 392 338 388 398
-9999 -9999 -9999 -9999 -9999 -9999 -9999 -9999 -9999 -9999 -9999 -9999 -9999 -9999 -9999 -9999 -9999 -9999 -9999 -9999 -9999 -9999 -9999 -9999 -9999 -9999 -9999 -9999 -9999 -9999 -9999 -9999 -9999 -9999 -9999 -9999 -9999 -9999 -9999 755 465 365 492 492 592 580 561 472 549 1030 480 574 605 592 661 665 582 472 456 437 398 385 393 389 369 395 399 424 421 428 345 384 389 376 358 366 350 396 385 383 379 391 375 363 357 377 378 396 406
-9999 -9999 -9999 -9999 -9999 -9999 -9999 -9999 -9999 -9999 -9999 -9999 -9999 -9999 -9999 -9999 -9999 -9999 -9999 -9999 -9999 -9999 -9999 -9999 -9999 -9999 -9999 -9999 -9999 -9999 -9999 -9999 -9999 -9999 -9999 -9999 -9999 -9999 -9999 604 365 365 462 462 562 585 542 472 631 470 532 552 559 572 651 629 639 499 477 419 402 406 383 398 395 455 424 380 397 393 414 407 383 375 371 369 350 375 373 368 368 362 371 381 391 378 405 424 401
-9999 -9999 -9999 -9999 -9999 -9999 -9999 -9999 -9999 -9999 -9999 -9999 -9999 -9999 -9999 -9999 -9999 -9999 -9999 -9999 -9999 -9999 -9999 -9999 -9999 -9999 -9999 -9999 -9999 -9999 -9999 -9999 -9999 -9999 -9999 -9999 -9999 -9999 655 481 381 381 480 484 584 573 467 1122 505 528 577 567 572 608 595 675 571 509 478 422 455 402 399 365 376 391 375 374 399 379 376 277 379 379 375 373 367 353 394 362 381 398 365 370 401 368 363 393 431
-9999 -9999 -9999 -9999 -9999 -9999 -9999 -9999 -9999 -9999 -9999 -9999 -9999 -9999 -9999 -9999 -9999 -9999 -9999 -9999 -9999 -9999 -9999 -9999 -9999 -9999 -9999 -9999 -9999 -9999 -9999 -9999 -9999 -9999 -9999 -9999 -9999 -9999 617 481 381 480 480 580 580 552 467 673 511 506 547 559 558 562 555 465 432 455 458 388 425 470 378 349 369 370 371 378 361 383 383 379 395 383 394 384 373 368 371 386 366 395 353 366 388 392 387 420 399
-9999 -9999 -9999 -9999 -9999 -9999 -9999 -9999 -9999 -9999 -9999 -9999 -9999 -9999 -9999 -9999 -9999 -9999 -9999 -9999 -9999 -9999 -9999 -9999 -9999 -9999 -9999 -9999 -9999 -9999 -9999 -9999 -9999 -9999 -9999 -9999 -9999 637 632 381 381 489 489 589 549 570 422 793 465 511 513 529 547 678 539 497 463 427 416 404 433 407 390 361 368 376 361 367 364 352 365 384 393 380 410 337 386 381 385 374 384 393 421 391 359 412 386 395 414
-9999 -9999 -9999 -9999 -9999 -9999 -9999 -9999 -9999 -9999 -9999 -9999 -9999 -9999 -9999 -9999 -9999 -9999 -9999 -9999 -9999 -9999 -9999 -9999 -9999 -9999 -9999 -9999 -9999 -9999 -9999 -9999 -9999 -9999 -9999 -9999 -9999 761 632 532 532 461 461 561 533 623 467 654 516 522 558 518 493 564 455 466 447 433 398 403 414 397 352 349 368 359 363 358 379 366 395 400 386 339 379 387 394 391 357 367 394 390 404 426 449 420 412 411 428
-9999 -9999 -9999 -9999 -9999 -9999 -9999 -9999 -9999 -9999 -9999 -9999 -9999 -9999 -9999 -9999 -9999 -9999 -9999 -9999 -9999 -9999 -9999 -9999 -9999 -9999 -9999 -9999 -9999 -9999 -9999 -9999 -9999 -9999 -9999 -9999 632 562 532 532 532 426 442 542 526 508 543 1007 511 542 524 491 467 466 443 426 421 393 428 383 378 356 345 357 373 358 338 364 353 365 375 381 392 388 378 388 387 382 368 380 401 409 381 408 406 422 390 423 454
-9999 -9999 -9999 -9999 -9999 -9999 -9999 -9999 -9999 -9999 -9999 -9999 -9999 -9999 -9999 -9999 -9999 -9999 -9999 -9999 -9999 -9999 -9999 -9999 -9999 -9999 -9999 -9999 -9999 -9999 -9999 -9999 -9999 -9999 -9999 -9999 689 462 462 532 425 426 526 542 518 508 828 642 516 510 506 493 441 446 415 398 451 358 379 440 349 364 344 382 389 324 334 373 357 370 384 385 388 388 388 381 384 386 393 381 375 404 402 405 415 398 416 387 422
-9999 -9999 -9999 -9999 -9999 -9999 -9999 -9999 -9999 -9999 -9999 -9999 -9999 -9999 -9999 -9999 -9999 -9999 -9999 -9999 -9999 -9999 -9999 -9999 -9999 -9999 -9999 -9999 -9999 -9999 -9999 -9999 -9999 -9999 -9999 676 689 589 589 425 425 525 544 496 612 920 513 478 489 500 496 481 455 425 408 392 390 369 364 338 351 363 357 355 364 351 367 339 379 364 369 375 389 393 375 388 388 417 369 370 399 406 417 411 404 407 391 403 414
-9999 -9999 -9999 -9999 -9999 -9999 -9999 -9999 -9999 -9999 -9999 -9999 -9999 -9999 -9999 -9999 -9999 -9999 -9999 -9999 -9999 -9999 -9999 -9999 -9999 -9999 -9999 -9999 -9999 -9999 -9999 -9999 -9999 -9999 640 676 589 589 589 491 425 525 499 538 653 701 463 460 467 469 476 474 459 419 401 381 378 366 333 356 357 347 387 357 350 381 378 432 368 374 366 387 383 393 402 389 390 403 394 394 404 388 405 414 401 386 397 412 422
-9999 -9999 -9999 -9999 -9999 -9999 -9999 -9999 -9999 -9999 -9999 -9999 -9999 -9999 -9999 -9999 -9999 -9999 -9999 -9999 -9999 -9999 -9999 -9999 -9999 -9999 -9999 -9999 -9999 -9999 -9999 -9999 -9999 747 640 576 576 589 429 491 591 411 415 678 586 566 480 445 446 449 463 455 423 424 395 386 366 340 359 353 359 376 392 345 343 353 382 393 370 370 380 402 371 381 393 385 393 387 379 402 391 394 366 407 399 396 400 393 421
-9999 -9999 -9999 -9999 -9999 -9999 -9999 -9999 -9999 -9999 -9999 -9999 -9999 -9999 -9999 -9999 -9999 -9999 -9999 -9999 -9999 -9999 -9999 -9999 -9999 -9999 -9999 -9999 -9999 -9999 -9999 -9999 737 747 540 540 576 516 429 529 576 428 728 590 579 551 473 444 436 437 436 441 419 400 390 375 387 353 348 350 364 358 330 366 430 365 382 354 351 381 397 382 385 368 383 385 395 386 406 384 409 387 393 411 403 403 418 424 432
-9999 -9999 -9999 -9999 -9999 -9999 -9999 -9999 -9999 -9999 -9999 -9999 -9999 -9999 -9999 -9999 -9999 -9999 -9999 -9999 -9999 -9999 -9999 -9999 -9999 -9999 -9999 -9999 -9999 -9999 -9999 696 737 647 647 540 476 516 616 544 569 878 492 551 554 543 526 554 437 435 444 426 414 393 413 367 367 358 349 320 351 332 354 366 342 373 370 357 375 396 370 374 378 368 365 372 389 337 389 397 367 381 399 386 395 429 419 432 418
-9999 -9999 -9999 -9999 -9999 -9999 -9999 -9999 -9999 -9999 -9999 -9999 -9999 -9999 -9999 -9999 -9999 -9999 -9999 -9999 -9999 -9999 -9999 -9999 -9999 -9999 -9999 -9999 -9999 -9999 715 696 637 637 647 443 476 576 537 514 504 1086 565 557 547 530 505 506 643 390 431 406 406 376 365 374 365 350 351 351 362 354 351 361 364 350 376 373 374 375 364 370 366 375 373 372 374 369 378 378 373 376 388 383 394 397 414 430 430
-9999 -9999 -9999 -9999 -9999 -9999 -9999 -9999 -9999 -9999 -9999 -9999 -9999 -9999 -9999 -9999 -9999 -9999 -9999 -9999 -9999 -9999 -9999 -9999 -9999 -9999 -9999 -9999 -9999 686 615 596 596 637 414 443 543 508 500 498 946 553 549 535 544 535 499 486 499 522 395 435 396 383 367 359 365 363 359 366 358 347 344 359 355 375 393 409 375 369 360 373 366 375 379 362 379 380 380 378 393 379 369 408 411 387 412 427 442
-9999 -9999 -9999 -9999 -9999 -9999 -9999 -9999 -9999 -9999 -9999 -9999 -9999 -9999 -9999 -9999 -9999 -9999 -9999 -9999 -9999 -9999 -9999 -9999 -9999 -9999 -9999 -9999 675 586 586 596 596 399 414 514 489 481 494 659 677 576 722 583 542 537 506 479 492 525 497 428 433 429 377 352 360 376 360 356 360 365 358 344 376 361 384 369 374 364 371 366 363 355 370 375 381 367 365 394 399 396 391 398 407 414 421 442 441
-9999 -9999 -9999 -9999 -9999 -9999 -9999 -9999 -9999 -9999 -9999 -9999 -9999 -9999 -9999 -9999 -9999 -9999 -9999 -9999 -9999 -9999 -9999 -9999 -9999 -9999 -9999 631 575 575 586 657 385 399 499 499 481 515 999 614 640 574 503 520 551 549 500 435 481 401 614 366 391 387 419 376 376 372 366 335 359 368 357 384 356 368 386 365 379 377 361 342 365 375 346 387 362 363 392 399 392 395 415 409 415 422 440 445 478
-9999 -9999 -9999 -9999 -9999 -9999 -9999 -9999 -9999 -9999 -9999 -9999 -9999 -9999 -9999 -9999 -9999 -9999 -9999 -9999 -9999 -9999 -9999 -9999 -9999 557 662 531 531 575 831 657 385 485 780 849 586 846 520 613 524 515 503 520 861 493 468 441 439 391 441 476 370 379 478 416 388 371 353 375 438 361 352 366 365 353 364 381 374 369 362 374 379 376 373 373 380 386 382 392 391 405 404 387 437 456 437 455 481
