data/ahn100_f.asc
ncols         350
nrows         171
xllcorner     152620
yllcorner     418050
cellsize      100
NODATA_value  -9999
[rows 78 to 116 of 171, columns 178 to 266 of 350]
633 631 661 640 609 598 621 600 596 586 588 585 627 618 594 589 590 591 599 604 617 607 591 611 624 607 608 615 629 632 658 721 669 650 646 644 636 633 600 638 670 780 887 946 747 703 722 721 741 910 1192 1202 727 685 767 753 646 650 656 663 653 648 756 652 651 646 626 619 644 613 621 659 625 615 613 616 654 646 591 597 692 710 667 663 666 698 701 656 666
650 648 637 674 699 718 607 610 605 592 591 596 597 618 600 629 597 607 618 618 628 625 617 603 618 609 616 613 607 632 643 703 667 653 627 656 652 644 645 633 635 797 700 820 794 833 772 794 708 794 1186 1083 1094 946 862 796 663 671 647 664 660 683 682 645 634 633 630 647 637 627 640 625 617 621 623 635 649 677 673 664 666 691 749 739 638 672 698 666 674
704 637 640 633 606 659 629 615 607 596 593 570 600 597 597 615 603 629 626 622 619 609 608 611 629 619 621 629 621 641 648 683 678 662 627 646 682 695 680 689 693 683 626 633 662 706 679 738 765 768 825 840 950 1233 1063 945 1129 766 664 672 647 671 674 678 667 644 699 640 611 655 623 632 644 621 620 635 595 644 663 696 655 633 704 700 725 655 669 654 674
659 654 645 637 642 633 638 664 613 598 606 599 601 613 618 624 632 625 640 645 642 657 646 642 614 623 623 632 623 618 605 665 690 698 641 647 652 698 657 651 650 636 626 643 638 626 616 701 784 791 891 799 692 940 855 1055 974 961 687 665 698 680 688 681 618 632 704 661 649 669 625 643 619 633 628 632 637 634 663 662 703 652 645 666 665 634 676 660 671
653 616 623 633 613 626 626 628 602 667 601 606 609 619 645 636 643 646 648 654 647 662 655 647 648 625 623 618 627 617 629 656 683 696 639 660 654 643 652 645 640 642 639 649 649 705 656 713 728 709 803 683 821 767 806 1248 974 1292 727 690 673 704 622 647 709 665 612 617 628 625 602 636 635 624 628 606 639 630 655 640 644 637 647 641 628 648 630 658 644
674 651 612 618 608 628 612 621 614 604 601 620 619 617 640 653 662 665 659 675 676 663 653 646 677 644 637 615 627 618 639 644 677 686 639 669 655 634 651 636 646 642 650 640 647 643 674 715 611 655 681 761 656 721 910 1248 1008 1008 1003 878 720 560 662 683 728 750 737 640 654 629 642 638 622 557 557 606 670 616 655 658 658 653 659 648 656 663 649 644 631
641 616 589 612 663 658 642 627 620 619 621 607 643 659 640 673 654 668 679 680 660 656 682 664 665 622 619 627 616 627 619 644 666 666 632 674 660 650 654 642 653 648 640 644 642 642 688 661 639 619 677 717 667 750 917 857 1015 1016 859 828 720 704 777 745 795 780 905 1004 1097 972 667 678 650 615 555 631 631 654 630 626 620 603 654 652 651 1022 981 676 817
632 525 526 622 719 671 632 644 628 595 635 616 637 657 657 664 665 666 683 670 675 672 659 664 668 669 616 615 624 608 673 636 665 687 651 639 647 613 619 619 642 649 643 639 660 644 649 659 734 674 628 671 695 712 835 756 772 754 695 828 705 749 693 644 652 717 818 829 927 1005 1054 649 657 642 626 635 623 623 635 638 659 660 641 633 613 802 659 657 674
625 957 551 627 658 662 656 632 636 634 635 625 645 672 659 657 669 708 681 668 676 661 687 681 673 653 617 626 620 619 615 623 639 661 684 669 658 666 656 647 631 640 654 645 634 652 650 660 655 749 648 653 653 648 698 647 693 754 672 721 716 795 816 741 673 778 775 891 878 984 946 689 655 649 655 641 645 640 638 668 655 661 668 741 724 581 632 714 716
676 594 576 1037 636 672 666 643 638 641 642 675 694 688 662 666 688 657 717 676 683 653 696 678 678 661 653 618 619 611 613 628 636 647 664 677 667 666 697 687 669 609 637 641 653 643 633 677 657 747 1185 662 640 632 643 636 679 689 621 647 708 708 691 738 747 759 741 852 927 1088 980 921 817 850 783 720 700 626 654 641 666 733 680 929 881 754 743 1140 1087
688 621 605 618 770 758 1052 552 641 672 661 675 666 692 691 677 676 677 647 687 676 669 697 691 686 676 660 644 640 634 618 627 609 628 659 663 656 659 677 690 698 675 646 667 650 652 664 676 666 674 666 678 662 622 661 636 643 631 634 584 694 732 720 797 845 856 748 706 743 954 857 853 896 969 942 933 846 840 656 653 676 830 820 708 672 987 836 972 723
605 600 593 614 587 626 663 756 787 951 674 692 707 708 791 755 697 670 783 688 699 962 686 708 680 674 675 648 661 647 635 641 640 625 632 638 643 634 649 659 682 674 656 663 675 632 675 679 673 675 662 654 646 647 651 640 623 636 602 609 694 748 729 776 753 825 776 662 765 968 1051 808 810 876 1038 963 860 851 736 757 670 874 760 869 924 785 852 868 677
505 576 614 588 573 639 648 649 651 687 705 878 798 849 1082 706 1029 752 628 611 634 716 656 1057 681 688 658 665 642 646 650 647 646 644 628 628 631 633 633 647 661 657 655 683 658 653 667 688 684 679 674 674 651 624 606 600 590 600 625 643 756 726 741 759 783 868 749 692 715 908 909 839 816 829 846 1079 1012 735 942 681 689 693 838 1002 750 847 791 792 669
612 476 614 569 625 624 630 630 645 832 847 773 901 926 808 855 611 632 644 648 641 625 558 576 650 660 669 667 652 643 641 646 647 632 618 631 633 628 632 645 642 652 642 667 681 677 687 663 733 662 667 668 657 745 626 639 651 643 652 651 708 737 755 730 814 822 742 656 670 751 923 852 757 795 815 889 1196 1365 771 743 758 805 788 859 807 788 765 714 763
757 657 514 469 626 624 619 630 633 737 733 741 845 1047 808 644 775 848 884 888 752 649 626 623 624 599 666 654 639 650 627 642 652 619 617 616 637 635 632 648 653 642 629 682 707 696 684 689 766 670 665 682 688 719 656 650 665 661 658 669 612 594 641 740 712 735 663 655 648 748 812 876 805 798 758 879 1014 907 1160 738 815 855 926 965 950 770 811 1184 731
792 750 653 553 526 624 626 622 740 736 730 735 736 1047 661 723 779 787 790 812 888 653 620 698 731 636 542 1044 628 630 649 662 630 631 615 621 620 638 632 633 661 689 637 592 718 729 725 686 747 674 663 660 670 691 747 731 733 751 709 697 673 713 660 626 609 650 653 680 678 795 810 817 823 754 844 993 979 936 796 818 815 1099 953 866 985 1245 1218 729 730
-9999 -9999 1052 730 630 524 526 522 640 636 630 635 636 947 561 623 679 687 690 788 793 842 651 709 743 696 640 697 828 628 656 638 607 620 617 618 621 617 635 643 648 667 731 641 579 809 732 762 694 677 659 661 678 729 708 682 754 815 703 670 721 729 711 705 668 668 679 740 672 644 724 788 767 828 982 1005 937 842 800 794 780 778 1003 983 839 1031 1065 731 722
-9999 -9999 -9999 849 865 738 738 638 671 654 655 667 667 738 838 838 792 692 686 688 693 793 663 628 728 785 701 649 664 683 669 637 653 685 631 624 637 622 608 651 644 647 685 689 716 592 688 719 686 682 670 671 677 705 685 684 746 802 810 708 694 692 704 712 728 713 805 810 693 678 774 706 790 828 899 958 849 831 1140 1005 837 995 785 1332 1006 806 875 992 874
-9999 -9999 -9999 -9999 -9999 971 874 1028 771 754 755 767 767 773 778 802 780 775 786 765 665 693 676 632 758 742 756 699 613 708 672 657 640 678 644 637 622 631 623 625 650 650 654 669 724 704 662 604 679 676 692 696 673 674 665 726 699 794 804 709 694 693 723 732 722 706 745 771 706 669 726 719 889 1111 944 841 975 920 842 860 1271 969 733 689 702 744 766 909 787
-9999 -9999 -9999 -9999 -9999 -9999 -9999 -9999 -9999 -9999 -9999 -9999 -9999 -9999 -9999 -9999 -9999 798 796 805 821 721 576 666 740 757 774 723 655 1000 614 671 666 636 655 646 636 625 625 629 634 667 652 676 651 664 645 725 604 624 640 635 623 653 639 668 595 696 722 700 710 706 746 714 720 707 753 758 755 725 965 738 803 843 820 859 781 901 930 851 1337 1455 873 819 1439 1058 809 792 800
-9999 -9999 -9999 -9999 -9999 -9999 -9999 -9999 -9999 -9999 -9999 -9999 -9999 -9999 -9999 -9999 -9999 -9999 -9999 812 837 824 724 566 725 744 743 766 665 671 628 677 671 633 639 658 648 613 636 637 635 625 648 656 640 655 704 760 773 690 694 693 690 671 658 654 653 695 647 669 681 693 666 637 683 672 759 784 757 882 774 789 772 1371 1121 754 789 861 976 1247 859 839 831 901 782 875 719 902 922
-9999 -9999 -9999 -9999 -9999 -9999 -9999 -9999 -9999 -9999 -9999 -9999 -9999 -9999 -9999 -9999 -9999 -9999 -9999 -9999 830 822 826 625 725 763 739 793 736 731 789 675 667 615 626 664 682 647 651 624 634 648 658 652 636 648 665 755 1013 898 699 700 703 694 682 650 646 703 704 682 689 690 707 705 704 653 760 727 813 1045 987 1013 767 761 1416 757 795 915 1458 1282 863 995 797 1148 1324 1196 1085 1145 1116
-9999 -9999 -9999 -9999 -9999 -9999 -9999 -9999 -9999 -9999 -9999 -9999 -9999 -9999 -9999 -9999 -9999 -9999 -9999 -9999 -9999 818 824 824 625 749 752 755 743 747 738 696 680 666 655 689 731 726 663 646 628 647 652 668 584 910 692 692 1035 809 1023 1336 1330 724 695 685 737 814 997 697 702 706 713 722 795 700 903 1014 1121 857 976 799 1259 786 760 771 779 1166 834 1102 836 925 1052 843 985 1149 948 935 872
-9999 -9999 -9999 -9999 -9999 -9999 -9999 -9999 -9999 -9999 -9999 -9999 -9999 -9999 -9999 -9999 -9999 -9999 -9999 -9999 -9999 807 822 723 650 750 753 755 791 779 759 1038 683 670 659 676 716 753 646 652 634 624 657 661 629 719 604 770 681 693 691 696 681 681 725 1328 972 950 1211 1095 759 888 930 672 736 757 784 881 860 1099 1447 751 756 791 1044 786 775 1098 966 982 930 930 785 1127 871 840 1078 797 866
-9999 -9999 -9999 -9999 -9999 -9999 -9999 -9999 -9999 -9999 -9999 -9999 -9999 -9999 -9999 -9999 -9999 -9999 -9999 -9999 -9999 -9999 822 807 707 650 758 754 766 814 799 782 1086 658 686 681 701 692 673 656 647 649 624 642 661 672 690 649 660 673 680 680 678 680 673 677 743 692 664 1068 686 703 699 701 1202 753 1216 867 743 903 982 755 831 1155 921 795 768 788 841 1073 890 1578 798 1282 1056 859 856 1042 789
-9999 -9999 -9999 -9999 -9999 -9999 -9999 -9999 -9999 -9999 -9999 -9999 -9999 -9999 -9999 -9999 -9999 -9999 -9999 -9999 -9999 -9999 709 813 813 660 760 755 757 801 818 824 785 947 636 677 660 674 651 700 711 550 623 582 575 630 836 649 657 662 663 665 670 670 674 677 827 671 974 1026 898 704 734 724 1080 759 1068 1055 762 1127 795 1402 839 1359 1150 783 1361 998 1077 905 864 859 933 895 924 999 895 858 1180
-9999 -9999 -9999 -9999 -9999 -9999 -9999 -9999 -9999 -9999 -9999 -9999 -9999 -9999 -9999 -9999 -9999 -9999 -9999 -9999 -9999 -9999 -9999 701 706 606 660 756 760 789 796 737 758 1087 655 647 626 613 640 623 575 607 647 659 629 973 975 657 653 624 668 660 651 665 655 665 1024 665 675 668 687 699 721 720 810 754 791 1144 752 800 746 945 1150 759 981 782 772 950 846 844 862 1009 940 848 940 1244 1020 1079 926
-9999 -9999 -9999 -9999 -9999 -9999 -9999 -9999 -9999 -9999 -9999 -9999 -9999 -9999 -9999 -9999 -9999 -9999 -9999 -9999 -9999 -9999 -9999 738 714 614 662 762 757 757 805 818 791 764 684 671 663 632 571 557 598 624 648 672 722 647 1046 648 645 649 627 661 652 659 636 650 1232 644 662 659 684 698 711 722 779 767 795 786 1023 750 740 710 807 737 789 851 854 1118 769 935 906 1047 977 1256 1492 964 943 894 943
-9999 -9999 -9999 -9999 -9999 -9999 -9999 -9999 -9999 -9999 -9999 -9999 -9999 -9999 -9999 -9999 -9999 -9999 -9999 -9999 -9999 -9999 -9999 -9999 784 684 663 763 757 757 813 821 764 677 666 632 653 563 549 548 625 643 652 638 673 591 698 661 650 657 658 653 661 665 654 659 820 624 667 660 666 688 699 730 749 804 754 751 778 729 989 850 869 957 1455 1011 1045 1041 896 1174 2047 760 1405 783 1210 976 936 1018 887
-9999 -9999 -9999 -9999 -9999 -9999 -9999 -9999 -9999 -9999 -9999 -9999 -9999 -9999 -9999 -9999 -9999 -9999 -9999 -9999 -9999 -9999 -9999 -9999 1057 957 663 663 760 756 750 754 1078 680 655 645 624 572 549 562 569 558 536 567 556 662 591 745 664 659 663 670 658 655 668 660 657 661 733 812 732 732 879 891 850 899 878 933 810 871 1007 860 942 1031 887 821 983 1355 1655 1165 894 844 1277 874 868 970 885 1122 916
-9999 -9999 -9999 -9999 -9999 -9999 -9999 -9999 -9999 -9999 -9999 -9999 -9999 -9999 -9999 -9999 -9999 -9999 -9999 -9999 -9999 -9999 -9999 -9999 -9999 752 652 666 766 765 767 682 635 677 657 664 625 624 569 572 557 563 545 564 556 1417 579 673 676 663 666 693 834 673 668 661 674 832 641 730 692 616 794 809 754 819 759 882 808 732 742 1180 770 1213 1211 915 1060 968 996 1518 1540 799 808 1201 877 1155 1080 1048 1058
-9999 -9999 -9999 -9999 -9999 -9999 -9999 -9999 -9999 -9999 -9999 -9999 -9999 -9999 -9999 -9999 -9999 -9999 -9999 -9999 -9999 -9999 -9999 -9999 -9999 712 612 665 765 767 769 1059 707 710 655 659 652 612 590 592 611 581 619 595 578 843 579 659 669 669 671 668 670 654 661 658 663 1106 673 730 692 653 674 725 751 983 990 1383 908 870 1123 984 764 755 808 1004 1282 1040 862 1280 1775 886 1219 885 988 866 980 1152 956
-9999 -9999 -9999 -9999 -9999 -9999 -9999 -9999 -9999 -9999 -9999 -9999 -9999 -9999 -9999 -9999 -9999 -9999 -9999 -9999 -9999 -9999 -9999 -9999 -9999 860 685 585 665 767 766 1075 712 673 675 681 634 636 811 646 629 625 628 623 702 610 560 607 685 667 663 679 661 673 683 665 662 693 711 711 567 567 673 670 751 812 1347 918 1030 1244 714 925 969 693 868 733 1282 1040 862 1310 1078 960 816 935 1112 1065 1006 893 1013
-9999 -9999 -9999 -9999 -9999 -9999 -9999 -9999 -9999 -9999 -9999 -9999 -9999 -9999 -9999 -9999 -9999 -9999 -9999 -9999 -9999 -9999 -9999 -9999 -9999 -9999 812 712 677 777 778 851 661 648 686 712 659 644 648 655 629 633 645 647 1414 601 580 609 663 711 675 599 616 681 690 689 670 672 760 760 643 643 792 683 718 1008 711 935 1063 938 714 925 969 693 606 904 778 737 829 1310 608 733 714 897 1055 836 920 800 817
-9999 -9999 -9999 -9999 -9999 -9999 -9999 -9999 -9999 -9999 -9999 -9999 -9999 -9999 -9999 -9999 -9999 -9999 -9999 -9999 -9999 -9999 -9999 -9999 -9999 -9999 816 716 685 785 778 697 745 729 703 696 664 670 673 642 636 642 661 723 629 610 601 618 675 682 686 687 605 686 667 715 677 677 682 760 789 789 827 736 695 962 608 935 1063 938 812 821 951 985 958 810 1187 804 847 920 879 994 714 687 961 1049 1285 980 795
-9999 -9999 -9999 -9999 -9999 -9999 -9999 -9999 -9999 -9999 -9999 -9999 -9999 -9999 -9999 -9999 -9999 -9999 -9999 -9999 -9999 -9999 -9999 -9999 -9999 -9999 -9999 823 723 685 742 736 1213 721 698 673 679 681 636 654 671 666 659 1058 638 618 617 632 721 688 678 620 603 708 707 667 730 677 678 698 769 772 854 811 788 817 829 813 926 1338 809 910 726 901 785 898 954 1284 810 804 838 768 694 694 673 668 823 771 787
-9999 -9999 -9999 -9999 -9999 -9999 -9999 -9999 -9999 -9999 -9999 -9999 -9999 -9999 -9999 -9999 -9999 -9999 -9999 -9999 -9999 -9999 -9999 -9999 -9999 -9999 -9999 820 720 642 642 745 1134 753 729 680 705 696 700 674 680 684 1281 649 657 640 623 655 697 708 708 741 702 679 680 690 660 689 689 719 720 722 758 860 807 749 808 753 806 897 736 780 975 1248 1391 824 754 767 2086 786 1357 1244 767 674 718 671 729 997 868
-9999 -9999 -9999 -9999 -9999 -9999 -9999 -9999 -9999 -9999 -9999 -9999 -9999 -9999 -9999 -9999 -9999 -9999 -9999 -9999 -9999 -9999 -9999 -9999 -9999 -9999 -9999 896 778 678 650 750 835 738 722 678 693 710 737 684 676 1252 663 665 664 653 668 749 716 708 715 703 705 668 707 697 684 713 672 640 689 751 621 860 693 993 782 808 732 790 771 812 872 1044 858 783 837 1246 739 795 838 917 827 674 712 671 694 759 753
-9999 -9999 -9999 -9999 -9999 -9999 -9999 -9999 -9999 -9999 -9999 -9999 -9999 -9999 -9999 -9999 -9999 -9999 -9999 -9999 -9999 -9999 -9999 -9999 -9999 -9999 -9999 -9999 880 855 755 650 763 840 684 712 728 725 732 708 719 650 645 666 669 675 755 749 712 715 723 714 713 695 686 690 754 687 690 679 686 728 760 787 708 752 1008 1050 1081 1013 864 977 1029 1436 830 863 1402 819 800 1321 749 1074 1066 735 637 649 697 744 709
