data/ahn100_f.asc
ncols         350
nrows         171
xllcorner     152620
yllcorner     418050
cellsize      100
NODATA_value  -9999
[rows 39 to 77 of 171, columns 178 to 266 of 350]
839 953 553 548 514 523 532 547 537 547 542 549 631 546 529 537 533 531 537 564 545 569 573 564 564 536 584 587 542 592 610 588 585 605 595 579 579 625 604 613 612 624 630 637 620 608 623 715 600 641 642 653 672 656 675 652 636 685 666 693 700 707 699 723 721 700 712 724 709 773 727 714 719 721 735 727 704 733 752 731 729 736 790 889 829 1318 1157 1001 800
636 541 553 554 496 536 541 543 542 544 543 543 545 548 533 544 550 549 538 565 542 559 564 562 573 558 571 577 566 587 587 590 594 595 598 610 606 596 607 606 614 626 593 617 640 623 611 642 620 696 644 650 651 649 630 644 670 726 675 695 706 679 705 707 712 702 751 712 703 704 705 713 725 713 731 731 718 813 727 722 728 743 808 889 866 935 885 1150 748
829 581 540 556 531 527 530 523 609 544 543 543 545 548 533 531 509 532 537 555 553 559 563 567 574 576 564 568 572 575 589 596 587 598 578 593 597 598 599 565 611 611 633 615 621 621 617 613 621 630 641 617 655 667 640 653 830 667 670 685 677 704 702 744 716 704 707 694 670 702 698 709 712 722 805 738 832 803 722 728 725 788 996 1051 647 756 750 928 852
769 737 640 622 519 496 520 528 535 537 530 503 526 523 544 548 550 541 563 548 547 551 557 567 537 566 577 575 574 581 582 588 573 553 571 633 570 631 583 604 592 593 592 600 618 599 617 607 629 631 647 637 693 655 626 643 658 670 655 672 690 673 691 689 690 686 693 682 695 668 706 707 706 706 743 775 867 753 738 739 725 788 1096 1409 774 747 742 747 735
591 639 725 695 660 546 584 540 541 588 585 596 609 570 832 718 689 618 612 636 583 581 550 569 570 537 563 570 573 554 578 577 635 596 590 606 598 567 602 612 583 587 589 607 602 632 608 607 627 627 648 649 659 654 716 693 648 674 673 663 665 684 671 685 681 681 690 707 684 687 698 693 715 731 731 713 729 735 756 717 717 859 859 716 738 756 755 767 769
563 560 659 666 682 725 712 651 676 722 704 613 580 571 576 831 824 600 630 691 1208 1226 805 724 562 560 568 553 678 739 673 726 702 674 686 772 587 595 599 607 600 573 590 601 595 588 607 620 610 708 652 645 620 659 1200 644 737 675 665 661 688 686 685 708 683 688 705 696 683 703 692 695 713 714 791 722 712 752 726 699 731 749 753 739 720 764 758 754 757
566 600 617 587 571 751 726 650 631 624 631 601 563 564 571 575 594 602 595 580 648 828 1055 1462 1063 864 802 995 816 767 717 705 786 707 699 1046 709 886 746 622 619 603 602 612 576 600 606 601 630 618 615 656 646 654 685 658 660 662 720 684 660 698 693 679 692 683 687 699 698 682 701 703 713 811 710 716 717 714 734 736 725 726 756 757 720 747 748 757 725
570 544 585 547 579 612 587 571 604 581 600 609 569 566 592 588 578 633 591 585 600 605 629 917 1539 1104 698 697 721 715 586 631 584 581 647 816 747 841 1439 743 586 597 611 602 629 608 611 626 624 591 627 635 641 653 638 648 658 663 682 666 678 686 679 698 664 692 679 685 696 695 750 712 759 703 703 707 698 693 725 712 723 727 730 732 780 699 736 769 751
535 534 543 558 557 562 551 545 586 620 606 559 567 569 586 582 581 606 603 553 581 578 556 593 861 1272 865 664 759 706 615 566 518 582 574 638 743 981 1282 1967 1427 739 581 627 618 611 590 612 636 619 631 638 690 640 655 638 657 662 669 666 676 711 678 652 694 675 684 679 688 700 732 700 727 716 717 697 702 693 725 718 732 722 720 734 748 707 748 751 771
542 543 540 529 537 555 537 523 546 558 546 573 577 569 577 580 563 604 661 598 588 558 592 580 730 657 587 670 635 717 654 555 579 563 571 574 644 756 1109 1430 1183 969 686 631 609 643 629 624 619 623 644 638 648 669 651 663 644 662 657 676 672 686 661 846 683 677 677 688 687 704 701 773 745 734 704 693 702 702 718 718 726 718 736 729 759 750 754 743 753
557 563 524 529 537 551 558 538 508 545 558 552 552 564 553 550 560 559 607 590 601 580 559 587 568 594 568 611 707 691 665 638 573 559 582 551 630 723 861 1232 1893 1588 830 811 674 618 608 607 623 585 645 648 624 639 656 647 642 663 665 667 670 687 676 678 647 1072 1039 1023 895 705 786 729 708 709 686 715 715 715 700 715 715 715 712 751 739 728 727 730 735
563 587 554 554 551 551 542 551 560 543 543 566 557 570 546 553 575 523 581 568 682 600 604 579 600 582 560 557 604 585 719 669 571 566 528 548 539 650 795 1095 1550 1746 877 768 671 607 602 608 610 623 656 631 652 642 639 655 691 706 687 669 675 692 654 670 674 681 1087 1316 859 742 694 865 702 699 689 703 703 708 700 700 710 685 723 689 712 686 737 714 706
579 557 563 541 541 552 542 549 534 561 574 566 566 583 571 575 579 577 584 621 585 599 582 668 642 623 611 574 661 597 612 674 657 586 564 560 556 581 687 966 1383 1363 1398 770 626 606 602 605 597 619 619 629 632 644 643 649 671 653 670 641 706 681 664 680 670 668 980 695 1017 1336 893 951 687 700 705 702 734 708 675 725 713 718 720 757 686 726 723 728 724
578 583 559 551 546 552 553 564 564 557 579 631 597 578 559 588 559 580 594 600 636 583 564 582 720 694 645 654 798 748 638 755 711 608 595 608 567 559 627 827 995 1627 2017 1264 703 624 614 607 610 609 601 619 625 635 631 649 642 639 647 654 647 645 670 671 681 674 654 772 760 678 1216 1254 996 682 736 694 696 695 707 747 716 724 725 707 726 707 684 704 724
584 577 577 538 552 571 554 557 568 578 569 572 576 578 575 591 594 597 576 597 591 586 575 584 664 659 584 620 685 665 586 726 696 640 606 612 581 572 569 667 914 1016 1329 1343 1610 864 702 643 607 609 598 604 628 633 643 632 667 623 668 642 663 657 638 623 656 653 630 780 670 909 1053 637 649 944 869 693 691 699 699 711 688 767 1192 728 777 728 915 1046 772
620 593 565 561 541 562 564 559 542 593 627 583 559 596 601 587 608 616 607 545 617 596 585 608 626 636 591 645 578 622 686 725 580 648 664 611 601 605 558 578 634 768 905 1239 1660 900 858 630 614 603 610 597 611 622 623 634 632 672 640 705 670 660 664 661 652 633 725 686 659 670 663 690 679 680 684 651 751 814 709 649 748 758 751 1510 875 1180 1089 1723 747
635 632 576 558 575 560 570 577 580 582 596 594 579 607 603 614 611 618 572 579 602 614 607 629 618 660 600 591 625 620 691 717 675 599 565 608 604 580 617 665 594 645 770 971 1133 1377 867 649 624 570 605 606 584 622 621 632 630 619 621 653 640 635 640 655 679 648 709 652 667 653 670 679 647 681 682 690 695 689 662 1349 766 809 751 739 728 786 731 1599 790
640 603 597 612 563 556 579 585 576 612 639 591 584 590 619 635 624 613 612 622 637 615 627 628 603 609 628 630 642 642 694 709 776 717 610 608 698 718 772 755 754 820 877 933 1182 1035 833 620 620 617 611 609 602 596 623 633 617 637 632 643 628 615 641 668 635 758 656 651 659 661 707 667 676 675 684 682 668 684 695 692 688 702 691 707 796 786 731 767 1024
691 655 665 686 619 584 607 592 585 584 575 590 596 598 571 610 602 576 611 624 626 616 604 664 639 618 614 639 594 682 695 673 773 771 720 663 632 649 754 839 807 837 812 845 900 899 781 623 598 610 600 607 613 649 639 623 630 630 626 622 629 633 600 652 710 666 688 651 664 660 647 667 681 663 666 678 681 693 676 667 681 676 681 692 660 692 698 676 818
642 736 636 637 674 660 731 643 620 575 606 619 612 611 625 618 624 618 612 610 614 617 619 638 649 659 662 640 628 645 673 639 728 722 730 710 660 711 734 828 735 810 833 827 901 832 626 618 601 612 611 593 576 921 686 667 628 615 625 612 616 624 616 628 711 669 664 638 655 656 655 644 658 659 711 689 684 658 698 692 671 686 699 695 700 706 700 672 704
657 668 692 629 657 674 691 664 652 585 610 619 662 607 628 626 627 620 625 620 579 621 635 621 627 629 641 644 646 643 661 656 682 731 706 686 708 681 715 714 769 812 823 813 875 663 632 600 628 615 611 606 885 806 799 846 681 659 624 604 615 611 627 736 634 622 623 671 660 687 651 670 668 654 677 670 719 664 693 694 688 684 696 692 684 702 694 700 701
604 643 644 622 657 600 651 644 611 630 630 664 691 720 645 678 671 648 632 618 624 671 628 626 639 643 635 651 645 664 658 658 658 642 710 689 704 757 730 707 733 772 823 793 602 641 614 613 590 604 622 884 809 623 606 633 642 839 722 611 621 614 640 655 634 610 599 624 666 655 641 658 666 659 684 648 682 680 685 685 686 687 689 693 694 692 700 702 709
586 549 662 632 654 642 620 583 606 641 620 646 645 615 643 828 746 639 631 626 661 646 607 617 614 717 621 686 651 654 630 583 643 622 609 688 701 798 750 734 752 840 784 627 635 645 655 625 618 637 603 811 605 623 606 633 647 712 763 779 721 616 687 623 631 631 620 626 627 626 638 660 665 650 670 689 677 683 673 768 692 675 682 660 692 708 695 697 696
644 597 596 608 567 664 659 642 569 596 608 644 643 635 610 726 764 647 626 641 633 656 641 609 641 623 630 646 623 626 621 625 626 613 613 625 718 815 758 628 609 610 624 624 626 640 608 605 622 658 644 790 605 605 606 647 647 667 726 1088 1022 718 634 625 659 638 674 641 641 627 634 663 665 651 664 695 661 678 674 694 682 684 687 695 691 684 679 677 697
603 601 576 584 597 598 621 614 619 614 621 625 638 644 620 625 602 630 624 632 640 592 630 646 609 644 628 639 650 628 629 648 640 636 639 622 704 741 588 615 628 614 645 639 633 581 599 587 657 639 631 650 687 687 687 647 667 667 642 923 608 630 623 608 627 639 632 626 638 629 642 638 665 660 651 666 663 651 657 675 690 677 686 688 685 690 694 693 691
578 594 579 604 607 603 610 610 608 595 622 628 636 635 653 608 641 619 616 582 685 648 639 738 667 646 635 643 665 650 637 609 633 643 641 618 621 685 598 723 628 593 636 650 665 602 602 584 589 657 620 623 705 705 629 629 647 647 647 864 677 631 628 713 682 644 616 639 625 642 645 649 658 658 674 668 660 666 669 647 668 680 675 679 685 678 686 688 686
602 575 603 580 601 599 602 608 604 619 622 627 639 626 612 610 639 626 636 617 621 676 657 575 655 648 641 629 624 630 637 533 638 637 621 641 629 635 639 639 629 626 606 636 615 629 629 623 595 626 619 681 688 703 629 629 625 904 904 709 612 627 620 651 640 646 617 620 623 651 630 650 649 666 664 658 704 666 674 670 675 675 668 680 677 682 669 684 672
583 611 621 606 586 601 601 629 610 624 606 614 606 629 620 673 645 639 630 610 639 676 612 643 645 669 655 668 656 663 657 645 610 570 621 619 598 644 633 626 625 640 649 585 644 639 650 678 585 608 654 546 607 713 629 625 625 602 712 627 624 628 636 634 638 611 583 685 634 613 659 650 649 627 669 632 665 654 662 652 662 637 718 672 676 680 687 657 688
580 609 608 564 596 575 612 604 607 602 605 597 602 605 626 658 657 635 647 659 629 650 631 645 645 635 643 645 624 649 653 641 643 618 657 627 519 606 566 610 631 829 668 614 613 599 619 661 610 605 603 629 592 659 658 658 734 768 693 637 650 639 601 618 610 626 632 646 657 617 675 649 645 640 655 656 649 654 661 653 653 642 668 625 663 660 654 640 676
593 590 594 611 593 600 599 607 573 607 600 561 608 610 641 677 594 662 642 636 631 609 613 659 653 643 643 639 593 643 647 629 654 646 666 671 648 600 569 621 649 643 640 613 591 620 612 577 610 666 600 637 671 778 642 674 639 700 719 657 612 677 624 631 634 625 619 631 649 660 635 632 649 706 616 636 635 641 648 638 619 661 651 676 658 661 666 664 650
580 587 585 612 596 596 603 603 609 611 594 599 606 610 631 635 645 606 626 624 624 624 641 643 637 621 633 629 629 638 643 635 665 658 674 677 691 623 650 619 637 681 665 659 637 566 585 625 600 666 599 620 610 638 600 674 716 678 638 644 659 657 623 642 631 641 605 645 627 628 634 647 639 643 650 629 659 633 641 642 626 661 646 649 664 643 666 668 678
574 600 578 598 602 588 593 591 612 606 594 609 603 599 606 593 637 647 659 664 651 629 640 637 627 620 625 625 638 652 657 642 669 692 578 623 621 652 636 583 651 678 710 732 650 652 605 586 614 628 643 605 617 610 631 629 708 644 626 647 625 605 623 637 634 616 623 613 637 645 632 633 640 622 625 629 647 623 648 693 795 629 649 647 643 648 633 707 676
604 604 601 593 593 607 607 582 641 590 613 620 593 629 610 592 609 620 635 636 624 614 616 619 648 620 632 644 663 643 679 665 591 647 656 643 635 601 624 670 681 740 700 701 615 646 644 585 590 624 610 591 638 656 611 689 643 638 635 613 651 637 609 638 616 614 606 616 637 683 764 620 624 635 633 647 639 641 632 655 698 643 638 619 637 646 637 701 705
595 594 559 602 581 568 596 604 636 591 597 566 611 609 602 600 591 617 623 619 613 649 598 624 634 656 619 630 610 661 664 654 600 663 646 634 637 623 629 688 816 852 799 768 643 630 627 615 582 574 621 625 624 656 586 618 611 623 598 615 605 602 623 646 626 643 619 595 637 668 643 638 651 652 650 647 670 732 713 628 660 626 678 643 627 657 680 675 649
579 591 591 598 613 589 584 602 596 586 589 584 592 589 597 596 596 627 604 586 619 655 628 626 627 623 607 623 633 646 665 668 617 649 653 640 622 618 642 687 745 876 826 789 659 634 630 621 595 651 617 621 625 623 813 618 568 577 619 602 653 612 629 641 638 637 686 627 611 638 652 654 674 635 764 714 694 698 716 780 669 651 678 646 619 649 721 666 644
619 595 590 594 590 585 590 584 595 593 589 588 598 586 611 588 596 608 604 597 607 616 604 625 624 615 631 621 631 721 703 687 662 628 654 650 637 620 647 668 713 828 833 855 1068 823 698 731 631 594 643 594 622 856 645 622 625 625 619 623 612 621 614 665 646 630 613 620 654 617 629 609 604 615 588 597 615 697 722 761 653 687 740 664 651 649 666 619 626
619 596 583 589 580 595 579 592 581 587 586 587 707 592 599 608 585 601 601 588 602 612 615 628 615 614 630 617 632 707 668 642 659 611 656 682 670 626 597 643 700 750 651 774 769 710 806 851 1084 734 637 646 609 797 589 634 658 640 655 628 642 644 624 620 618 619 633 611 611 627 613 613 653 598 577 591 634 624 734 720 739 741 772 805 649 625 638 653 630
620 602 595 590 587 582 581 599 596 587 589 571 707 597 608 598 631 592 597 603 609 606 607 615 617 618 618 619 639 656 668 717 657 626 667 684 675 653 595 698 760 676 715 739 710 719 817 743 802 829 820 624 1220 625 611 629 624 654 654 631 645 643 645 639 623 615 624 631 626 614 620 617 625 630 650 703 710 617 604 729 740 725 726 741 664 652 611 658 640
622 639 605 598 598 592 596 595 614 617 621 606 605 597 599 600 595 591 587 601 605 613 609 616 621 612 628 616 643 644 666 699 672 650 637 637 618 637 627 607 883 849 781 798 712 823 737 775 732 940 1088 853 745 730 722 725 649 650 653 665 655 648 649 641 634 621 608 617 613 621 615 632 670 628 649 648 734 700 587 596 744 710 710 692 624 666 688 674 639
