data/ahn100_f.asc
ncols         350
nrows         171
xllcorner     152620
yllcorner     418050
cellsize      100
NODATA_value  -9999
[rows 0 to 38 of 171, columns 89 to 177 of 350]
-9999 -9999 -9999 -9999 -9999 -9999 -9999 -9999 -9999 -9999 -9999 -9999 -9999 -9999 -9999 -9999 -9999 -9999 -9999 -9999 -9999 -9999 -9999 -9999 -9999 -9999 -9999 -9999 -9999 -9999 -9999 -9999 -9999 -9999 -9999 -9999 -9999 -9999 -9999 -9999 -9999 -9999 -9999 -9999 -9999 -9999 -9999 -9999 -9999 -9999 -9999 -9999 -9999 -9999 -9999 -9999 -9999 717 750 666 624 624 669 771 -9999 -9999 -9999 -9999 -9999 -9999 -9999 -9999 -9999 -9999 -9999 -9999 -9999 -9999 -9999 -9999 -9999 -9999 -9999 -9999 -9999 -9999 -9999 -9999 -9999
-9999 -9999 -9999 -9999 -9999 -9999 -9999 -9999 -9999 -9999 -9999 -9999 -9999 -9999 -9999 -9999 -9999 -9999 -9999 -9999 -9999 -9999 -9999 -9999 -9999 -9999 -9999 -9999 -9999 -9999 -9999 -9999 -9999 -9999 -9999 -9999 -9999 -9999 -9999 -9999 -9999 -9999 -9999 -9999 -9999 -9999 -9999 -9999 -9999 -9999 -9999 730 766 780 680 617 717 717 650 566 524 624 669 771 771 771 671 671 -9999 -9999 -9999 -9999 -9999 -9999 -9999 -9999 -9999 -9999 -9999 -9999 -9999 -9999 -9999 -9999 -9999 -9999 -9999 -9999 -9999
-9999 -9999 -9999 -9999 -9999 -9999 -9999 -9999 -9999 -9999 -9999 -9999 -9999 -9999 -9999 -9999 -9999 -9999 -9999 -9999 -9999 -9999 -9999 -9999 -9999 -9999 -9999 -9999 -9999 -9999 -9999 -9999 -9999 -9999 -9999 -9999 -9999 -9999 -9999 -9999 -9999 -9999 -9999 -9999 -9999 -9999 -9999 -9999 757 763 690 664 766 780 680 617 617 617 617 566 524 524 569 671 671 671 671 671 671 785 785 785 785 885 867 -9999 -9999 -9999 -9999 -9999 -9999 -9999 -9999 -9999 -9999 -9999 -9999 -9999 -9999
-9999 -9999 -9999 -9999 -9999 -9999 -9999 -9999 -9999 -9999 -9999 -9999 -9999 -9999 -9999 -9999 -9999 -9999 -9999 -9999 -9999 -9999 -9999 -9999 -9999 -9999 -9999 -9999 -9999 -9999 -9999 -9999 -9999 -9999 -9999 -9999 -9999 -9999 -9999 -9999 -9999 -9999 -9999 -9999 -9999 741 808 808 657 663 590 564 666 680 680 705 617 617 748 720 524 524 569 671 671 671 671 671 955 975 1002 785 785 785 767 554 654 815 900 873 770 825 836 856 790 786 760 760 704
-9999 -9999 -9999 -9999 -9999 -9999 -9999 -9999 -9999 -9999 -9999 -9999 -9999 -9999 -9999 -9999 -9999 -9999 -9999 -9999 -9999 -9999 -9999 -9999 -9999 -9999 -9999 -9999 -9999 -9999 -9999 -9999 -9999 -9999 -9999 -9999 -9999 -9999 -9999 -9999 -9999 -9999 -9999 696 696 641 708 708 708 663 590 564 666 681 681 705 705 718 748 720 720 1048 704 704 919 1073 1073 928 955 975 1002 1002 670 785 767 554 554 715 800 773 670 825 836 856 790 786 786 760 760
-9999 -9999 -9999 -9999 -9999 -9999 -9999 -9999 -9999 -9999 -9999 -9999 -9999 -9999 -9999 -9999 -9999 -9999 -9999 -9999 -9999 -9999 -9999 -9999 -9999 -9999 -9999 -9999 -9999 -9999 -9999 -9999 -9999 -9999 -9999 -9999 -9999 -9999 -9999 -9999 -9999 677 577 596 596 596 708 708 708 688 688 688 701 681 781 805 805 818 848 820 720 1048 704 804 1019 1173 1073 928 955 975 1002 1002 670 670 513 720 554 715 800 773 725 725 736 756 690 686 686 660 660
-9999 -9999 -9999 -9999 -9999 -9999 -9999 -9999 -9999 -9999 -9999 -9999 -9999 -9999 -9999 -9999 -9999 -9999 -9999 -9999 -9999 -9999 -9999 -9999 -9999 -9999 -9999 -9999 -9999 -9999 -9999 -9999 -9999 -9999 -9999 -9999 -9999 -9999 577 677 577 577 577 596 596 596 596 708 688 688 788 788 801 787 781 641 711 1011 1076 942 1016 1148 1163 848 838 1016 1007 1028 1055 1075 1102 1102 770 670 513 720 720 720 704 764 764 725 736 756 690 686 686 660 660
-9999 -9999 -9999 -9999 -9999 -9999 -9999 -9999 -9999 -9999 -9999 -9999 -9999 -9999 -9999 -9999 -9999 -9999 -9999 -9999 -9999 -9999 -9999 -9999 -9999 -9999 -9999 -9999 -9999 -9999 -9999 -9999 -9999 -9999 -9999 729 719 619 577 577 577 577 577 577 596 596 596 673 673 673 773 814 817 871 901 835 1024 994 1076 942 1173 1157 805 785 762 1017 1032 1036 942 1075 1073 1091 770 802 613 820 820 720 704 764 764 970 1034 779 779 643 671 676 677
-9999 -9999 -9999 -9999 -9999 -9999 -9999 -9999 -9999 -9999 -9999 -9999 -9999 -9999 -9999 -9999 -9999 -9999 -9999 -9999 -9999 -9999 -9999 -9999 -9999 -9999 -9999 -9999 -9999 -9999 -9999 -9999 -9999 677 724 618 619 619 619 577 577 577 577 577 596 596 583 583 708 708 808 959 708 710 820 691 1077 732 706 724 616 710 706 712 754 1017 839 1097 1060 1078 1083 814 801 681 799 829 697 790 804 864 864 1070 1134 879 879 743 771 776 777
-9999 -9999 -9999 -9999 -9999 -9999 -9999 -9999 -9999 -9999 -9999 -9999 -9999 -9999 -9999 -9999 -9999 -9999 -9999 -9999 -9999 -9999 -9999 -9999 -9999 -9999 -9999 -9999 -9999 -9999 1089 739 739 677 624 518 518 619 619 577 577 577 577 577 577 583 583 583 583 630 730 700 696 678 688 674 693 711 696 708 712 668 714 682 672 672 839 659 680 651 706 708 767 645 718 907 1052 1059 737 1032 853 1070 1134 1228 1276 743 782 755 725
-9999 -9999 -9999 -9999 -9999 -9999 -9999 -9999 -9999 -9999 -9999 -9999 -9999 -9999 -9999 -9999 -9999 -9999 -9999 -9999 -9999 -9999 -9999 -9999 -9999 -9999 -9999 -9999 1087 1087 1089 639 639 577 577 518 674 679 679 679 679 680 577 573 573 554 554 583 583 683 689 687 689 688 682 676 689 667 674 697 631 693 716 752 681 681 641 641 577 706 623 699 727 633 755 690 1094 1101 795 1220 835 1128 1062 802 1060 939 1125 655 625
-9999 -9999 -9999 -9999 -9999 -9999 -9999 -9999 -9999 -9999 -9999 -9999 -9999 -9999 -9999 -9999 -9999 -9999 -9999 -9999 -9999 -9999 -9999 -9999 -9999 618 718 718 987 987 989 989 639 577 611 674 674 679 679 679 680 680 568 573 573 573 554 554 556 656 682 699 683 672 672 664 657 662 680 710 648 678 669 703 625 643 631 602 580 706 617 583 658 666 1042 821 745 820 828 922 762 753 1192 817 809 851 773 1267 1235
-9999 -9999 -9999 -9999 -9999 -9999 -9999 -9999 -9999 -9999 -9999 -9999 -9999 -9999 -9999 -9999 -9999 -9999 -9999 -9999 -9999 -9999 -9999 741 728 618 718 618 618 987 989 989 593 611 611 674 774 779 679 680 680 568 568 439 573 573 554 554 654 642 681 720 686 665 660 653 621 642 673 659 598 644 594 672 634 647 758 602 580 677 677 808 658 1287 940 926 633 685 828 1030 787 777 1114 769 858 805 815 1090 1377
-9999 -9999 -9999 -9999 -9999 -9999 -9999 -9999 -9999 -9999 -9999 -9999 -9999 -9999 -9999 -9999 -9999 -9999 -9999 -9999 -9999 789 789 741 728 628 618 618 618 596 593 593 593 611 711 713 739 740 780 680 568 568 508 439 439 573 573 554 654 649 602 668 661 645 649 653 625 659 652 599 608 628 600 601 1172 948 1127 981 657 657 702 722 649 695 684 926 605 719 675 807 757 829 775 1080 859 822 940 879 864
628 654 646 665 749 680 642 654 660 681 711 750 773 754 709 747 547 554 554 554 454 689 689 641 628 628 618 629 596 596 593 593 693 696 720 716 714 739 717 668 568 508 596 536 439 573 673 673 616 616 700 666 655 581 645 653 605 606 582 580 705 1094 630 595 629 642 641 694 651 663 751 720 696 707 708 1174 635 673 607 868 787 793 841 939 764 732 805 1053 936
528 554 546 565 649 580 542 554 560 581 694 701 773 754 609 647 447 454 454 454 454 689 689 641 628 629 629 629 596 696 693 697 685 620 762 628 636 657 523 577 608 508 596 536 439 539 737 673 668 603 641 661 648 581 645 692 1212 938 756 612 566 586 602 612 616 629 630 659 666 650 668 709 574 707 1241 727 938 732 943 826 1271 1201 1079 1381 741 902 783 1060 987
528 554 546 565 649 580 542 554 560 594 594 601 673 654 654 647 447 454 454 454 622 618 473 473 646 629 729 729 755 782 769 745 1139 608 680 628 636 547 708 441 612 654 696 636 813 633 737 666 574 603 654 661 648 827 886 704 711 660 651 627 620 627 602 598 608 621 619 637 668 709 683 682 587 1510 1510 796 904 768 769 737 784 1128 712 852 686 787 796 1945 1111
629 808 798 461 605 575 560 570 590 581 594 601 673 654 602 751 670 850 1110 622 622 618 473 573 746 747 675 729 791 515 803 725 741 608 680 680 588 588 734 689 612 580 706 639 624 633 1241 666 574 644 654 1259 757 617 598 660 698 754 643 637 582 619 600 608 600 609 640 635 672 727 659 652 587 666 666 674 1113 768 699 697 670 710 723 767 818 856 1136 853 857
629 808 798 461 605 575 560 570 590 581 612 665 660 1092 602 751 670 850 1110 622 722 718 699 681 746 536 675 668 706 572 803 725 741 672 665 517 517 526 528 1131 868 681 809 1075 1088 832 1241 1262 962 644 654 576 556 596 590 621 632 650 614 628 602 609 616 616 621 619 606 1086 877 640 677 648 648 712 712 682 1113 1194 1194 883 843 691 776 1101 746 1095 668 734 795
729 908 898 561 705 675 660 670 690 681 712 765 760 1192 702 851 770 950 1210 968 722 939 995 985 985 536 1146 668 706 572 1039 882 706 672 665 1298 1159 816 664 592 574 546 595 575 615 648 1241 643 676 669 658 644 571 661 631 627 631 625 582 641 617 594 615 605 596 621 617 805 656 685 662 915 651 639 712 682 638 627 723 687 677 830 822 805 867 938 781 779 1011
631 731 709 715 720 603 794 864 803 1157 1358 751 612 623 611 594 710 864 622 968 696 694 1042 730 1024 1146 1146 1242 1241 665 621 886 540 1185 611 623 1236 626 647 553 555 568 576 601 644 640 694 674 671 690 639 669 723 648 627 613 686 627 637 615 603 582 610 650 583 599 609 685 665 1334 683 652 754 628 634 670 632 624 723 863 904 1023 722 783 910 942 965 837 690
570 557 539 548 570 562 817 771 617 591 1585 577 601 548 566 608 899 643 872 720 720 715 894 676 773 610 2323 1242 847 604 1030 928 620 630 1207 1213 1604 1075 838 581 583 589 602 605 628 630 606 640 656 688 669 672 628 638 620 622 655 650 628 604 651 619 627 633 656 656 647 1039 623 672 627 640 800 628 1155 702 713 909 688 1131 897 961 1413 1090 763 713 1004 867 727
546 506 547 1110 709 615 597 595 698 565 1440 584 552 583 587 715 641 738 699 736 727 943 650 606 954 744 598 908 856 698 765 1137 970 637 635 601 604 585 542 595 584 590 612 646 641 606 638 618 630 625 656 631 643 611 602 639 631 631 625 618 638 616 642 642 636 649 605 607 608 666 641 633 762 962 664 810 732 945 758 679 750 762 667 837 733 780 741 1024 703
1175 820 604 581 589 576 606 595 698 575 1231 574 569 589 603 672 971 700 698 736 667 1650 657 671 1208 617 698 1019 688 720 613 831 609 1244 1107 668 720 587 589 581 577 596 585 598 647 614 637 617 628 625 653 621 628 601 609 586 607 612 598 604 610 604 636 632 616 607 599 596 613 632 619 629 730 752 743 665 762 722 980 725 673 787 684 749 742 724 706 1259 823
628 607 577 587 568 576 606 569 539 539 1060 578 548 614 692 673 1096 663 775 636 618 719 1062 761 814 634 750 707 632 721 874 880 591 593 616 791 622 595 555 584 573 581 567 613 731 692 665 622 593 624 671 636 627 618 605 563 588 594 585 583 610 589 568 619 618 618 615 615 608 629 653 646 731 1008 840 639 1404 773 611 655 730 811 727 698 683 705 715 696 666
590 585 549 537 556 673 569 569 575 575 826 577 556 735 713 674 701 936 1085 649 983 978 940 1022 941 902 1157 685 670 552 833 1522 638 614 584 678 558 559 565 555 610 558 575 610 790 729 652 612 597 615 613 607 599 577 587 579 585 567 551 577 575 593 590 595 617 610 583 603 607 625 616 643 645 1139 681 934 709 658 1057 720 767 1090 1024 716 674 677 668 737 714
563 551 570 557 583 547 532 571 586 619 704 557 539 838 626 758 602 636 765 1154 714 746 898 940 702 1003 1004 677 767 815 570 1162 721 716 577 602 633 587 555 540 582 552 554 602 560 602 609 599 577 571 654 582 581 568 587 572 594 563 563 565 578 589 591 592 631 599 660 616 622 619 620 605 618 752 730 633 779 725 789 649 755 684 687 728 696 705 687 908 651
598 569 559 548 576 592 578 549 581 595 647 557 579 602 597 1188 1393 808 604 708 896 736 780 815 633 674 1153 1400 559 714 850 596 612 622 634 795 587 562 533 548 562 545 544 549 548 571 562 594 584 587 617 576 574 555 547 548 570 556 560 558 558 594 567 580 575 598 599 641 615 601 589 592 665 735 705 692 745 810 688 624 906 735 828 688 703 678 915 686 770
533 537 545 518 508 511 534 536 544 556 673 537 934 570 644 607 695 580 581 806 628 896 704 597 783 955 640 642 1076 1208 625 591 593 563 582 559 603 537 531 529 526 549 583 573 546 559 569 563 582 575 592 554 563 540 547 538 549 564 534 557 577 575 576 587 593 550 581 593 595 588 604 747 1190 780 832 814 1197 648 1137 647 919 887 792 645 762 680 749 677 779
502 493 517 504 496 503 506 513 536 558 905 540 532 553 572 608 588 568 576 699 619 987 641 799 1004 842 599 591 587 599 529 526 557 544 593 545 628 531 529 529 522 529 538 540 523 528 538 570 532 542 566 555 562 577 558 529 556 552 534 552 572 566 561 565 569 577 593 560 592 574 592 662 1009 846 1015 874 832 661 649 632 638 1001 686 668 860 628 610 626 705
482 484 539 487 504 490 506 500 522 527 748 844 513 528 756 728 575 579 614 620 881 725 583 571 813 597 996 598 548 549 538 555 569 600 571 676 1711 539 526 520 518 527 522 512 518 530 533 511 600 567 544 540 539 577 543 541 533 548 543 541 548 559 518 549 557 557 572 564 579 588 693 813 949 1021 801 805 626 605 577 586 808 855 686 616 635 632 624 626 620
464 492 553 534 499 484 527 508 509 525 545 541 524 521 587 1291 541 609 521 725 575 627 844 646 559 585 719 598 530 543 529 563 557 534 544 542 569 520 515 512 516 522 565 518 529 523 524 533 537 531 536 581 535 530 587 552 535 533 540 570 543 547 558 569 559 530 562 572 571 576 678 786 716 891 620 604 618 604 603 582 569 579 588 570 638 592 616 680 618
459 467 531 476 463 459 539 558 572 536 530 544 518 508 557 603 570 537 1059 1169 581 553 671 742 566 616 530 498 533 539 533 560 565 531 503 510 475 504 516 500 510 514 512 504 511 528 503 522 524 491 505 510 534 538 553 550 534 536 554 539 533 544 572 550 559 555 560 581 571 874 645 705 652 606 590 602 592 593 590 573 576 574 573 570 567 566 560 576 614
453 470 531 476 482 486 480 485 481 477 488 499 503 502 496 482 479 491 515 686 551 655 510 546 905 531 500 518 528 516 523 537 524 514 512 504 475 502 508 495 502 492 497 511 519 523 534 519 521 534 512 495 521 525 514 527 531 531 556 543 543 546 576 568 562 563 571 561 576 694 648 609 588 584 583 589 583 578 590 562 560 580 561 560 572 570 565 562 659
455 476 542 474 459 461 478 476 493 494 491 496 499 494 481 476 483 485 507 497 515 551 528 518 506 516 494 522 529 516 512 520 519 512 509 544 474 484 505 495 495 498 485 502 490 507 513 505 509 507 498 498 506 509 523 517 521 533 545 560 571 577 550 534 574 561 568 576 571 570 565 576 617 569 565 556 555 550 554 572 560 570 573 553 562 563 587 577 574
449 455 496 469 466 462 468 465 474 480 487 467 477 480 480 464 467 501 488 498 520 568 502 488 471 508 483 477 500 479 494 489 499 506 498 494 484 458 462 488 489 489 479 491 479 503 500 481 511 492 503 513 505 523 521 517 532 535 549 560 558 553 550 546 563 546 590 626 623 590 580 589 581 556 563 551 557 539 575 541 530 535 567 566 605 576 539 582 666
443 451 408 439 455 454 447 454 484 493 484 479 481 479 480 505 504 474 509 538 492 489 493 466 478 499 490 491 484 475 480 451 472 486 509 475 469 461 457 483 478 488 471 484 477 493 496 508 457 490 523 489 517 519 515 516 528 515 537 575 552 549 558 562 559 534 555 564 571 571 605 573 584 552 540 544 542 554 554 539 542 550 540 585 562 569 562 553 717
445 450 445 425 459 452 422 463 464 458 470 469 463 466 465 485 509 512 481 488 484 486 507 483 479 484 477 480 455 458 466 447 464 438 470 450 462 467 457 475 477 476 478 476 467 479 488 488 486 484 489 497 516 497 515 503 529 524 535 532 564 551 553 553 562 553 559 561 578 555 609 552 593 524 547 537 535 535 520 533 547 568 544 519 530 534 517 599 674
462 457 440 413 427 453 435 467 459 465 426 451 472 459 458 478 489 529 466 478 478 469 475 459 475 454 469 440 454 459 469 452 474 478 480 460 482 452 457 475 481 478 478 481 481 481 486 508 484 520 474 486 512 510 516 521 517 532 532 557 560 566 571 597 580 615 678 632 573 611 570 573 570 559 571 561 533 546 532 527 557 562 553 561 534 539 542 531 630
