data/defaultdem.asc
NCOLS 350
NROWS 171
XLLCORNER 152620
YLLCORNER 418050
CELLSIZE 100
NODATA_VALUE -9999
[rows 44 to 65 of 171, columns 200 to 249 of 350]
907.50094994239 843.301989935592 621.325408866293 577.297189950695 580.514510923658 565.651637571512 704.291458455951 754.463775438505 683.589488310689 724.049608475716 694.069409183033 655.904993694287 637.999956043577 723.220221120004 567.40766876632 581.953851966581 589.080938952243 596.17016721079 593.408408794587 578.76577372221 595.273160045533 605.902593893256 606.534169066863 600.349098926906 621.474407518798 638.070218436496 627.201889219766 719.919729353574 661.693984934919 653.019423425419 625.141483894547 665.680490818453 1207.28665896753 650.61989138506 743.190229820291 678.59155787149 665.267535890597 660.458071963621 685.18539076659 686.256099504322 684.583182966378 709.676547679317 681.202620511559 681.491161208854 703.149837655225 691.361974107377 680.763656714706 701.756928886662 691.785842510692 696.02005520382
1206.99041682308 1605.19919364668 1140.28436331986 909.468970129713 820.554383910525 1002.71273018310 837.610255786694 800.913255274397 731.92769128908 691.571052615995 772.717852876278 687.60029136542 659.657768191053 1016.20735238932 703.165305559102 874.270997453585 724.390108769951 604.264574873561 609.609120239461 613.636580948195 611.354831373394 616.792717446499 580.512546998088 615.555583325136 623.139225470861 623.671641885784 651.223899110148 627.375727272462 624.268210160693 665.567029650661 658.196336996654 666.715119456676 699.20656311239 666.494688273559 666.99778560141 665.932181328031 723.160365172811 684.525625502263 657.405636183718 697.371280557779 695.164607485541 680.037551678815 689.238949572355 677.385741336347 681.015269479364 694.740121440883 702.96933157112 686.478777942107 701.37219894629 696.869716185757
702.274841820318 1001.91251049379 1604.32400538719 1160.83108974430 698.276015222843 684.078002278595 732.643645742012 733.734091801996 588.684767452359 619.043390113486 575.44128296433 576.078395744736 641.297134524779 839.182814406835 770.841519956397 825.4601531174 1394.23204773535 696.13848279467 563.479179425479 594.206026181397 612.772936991844 602.68438183649 630.580277471827 618.725423833589 625.674002437148 638.97300196979 628.649059985049 599.238399980376 635.54210431965 642.859294483681 652.17873504049 667.672576600675 655.066408853329 659.711230530676 668.341194597944 671.595113831046 687.190012724469 665.613142816038 674.700293042035 682.454727214933 677.860072622585 697.095768402406 660.658864568137 686.437871010631 675.781343392772 683.610990283162 706.374346630737 691.98289592215 737.365854401462 687.352577265049
602.453506230323 645.395016924552 910.752671475044 1305.15047060659 859.377550368628 653.736717416154 768.937473364022 710.062838918635 617.490762142648 567.122371628472 517.226643119923 589.592394765921 601.391677104062 623.765435853093 749.782815037718 951.59033620778 1194.58078560439 1875.23197051763 1384.60543526828 724.878499223892 578.220016988624 627.187042451588 619.539752569324 610.25373472404 597.513158475867 616.760413186958 640.46222770764 631.493839198414 642.710863829834 641.70370012228 700.436126751205 653.606623628913 667.833022957252 649.987900605868 668.488517984799 678.669684580418 677.456535854048 669.570940779776 670.359583068517 706.8074299816 675.627857363245 648.229095106301 687.955776169485 665.363554215221 671.24685929966 675.110013806076 671.494875913271 672.623326518598 693.293685909256 655.626400711742
626.987213002931 619.553759431673 775.800564360015 699.519448208701 608.534972064679 673.391143288982 648.475159516896 718.927620255793 646.840634098135 557.811825786868 581.771794162419 558.636257709386 570.849523750891 577.175134595405 641.39014287126 728.202564178441 1029.80606399300 1344.96370144122 1146.58502006056 956.60437816542 688.403354705572 637.768590543271 610.640000405119 642.668166318666 636.21982741876 633.122093216906 634.887489691157 650.652473576198 668.332655289764 652.09136895332 660.720903595107 681.881451074356 662.407402413699 674.07699872822 654.524110958447 674.372990804237 667.904208610984 682.639344124684 671.785239661529 689.245313062048 659.138592983855 842.103835537655 670.4841965074 655.395136028289 633.9928494067 634.13083146037 639.34129897025 643.918376945258 642.484829489322 721.561099539663
585.985518728038 620.01888082774 617.104583536315 669.645673383109 613.157556593412 639.96643358512 725.58340926056 704.693130988802 673.432571797857 649.198629281605 586.977246875154 579.34798926395 594.504881951848 552.840983512275 626.549515112597 709.700146803172 832.715953905375 1205.91406397595 1875.18320678031 1583.82720962727 845.44092198897 839.675030366875 679.974505750466 616.836251860036 610.551441590925 618.18306288143 643.674137449002 626.617592833962 678.595075660359 664.257108959512 638.247855313396 656.218822239383 664.715694764314 656.484879895118 650.811206210554 672.897060467455 675.747022935307 676.486478587927 673.344619204854 681.541827509611 672.612282034191 675.595517934922 639.643590042057 1046.26202122819 984.895846016754 953.948752919284 818.506271617746 620.776907255483 704.83686856645 668.527786251896
623.727438041102 598.535534675092 621.916204909712 628.684731854765 602.82017833406 589.491695854738 636.495631447798 620.327516422457 747.812987546155 696.008805633855 601.146639601078 598.07535891649 551.29457113487 554.062785847192 537.196264858313 649.469196445939 794.220396768291 1097.17398248452 1545.77719574935 1745.91012034726 891.86897312596 792.04839742984 668.665076272859 599.201791498464 605.620951752864 617.973513416148 626.848322084536 644.31287583188 672.076295586557 636.900561955052 664.067173802169 658.817426450929 653.471963415495 666.391976784792 699.566587699719 714.496059309723 695.481349203481 676.694883960576 679.019551079611 691.423131503646 662.129374682433 671.286156267192 669.185681170713 652.042836905589 1037.08559919693 1241.43822492182 769.56560334281 626.195209168236 562.382134436134 764.192570896326
594.553271582333 681.708122560412 628.05035592925 641.352571036548 636.446298673105 608.338747456025 701.641020171854 642.478439809871 650.518566918592 711.087800292561 698.375610974504 619.917715550211 589.351409459564 575.033724600543 562.81685205102 580.332020527746 683.82625024719 959.326423106426 1377.87974702999 1359.53887583175 1397.31168275434 757.562033621341 589.895338939132 589.356323715906 599.833856230939 609.655439367655 608.069351857981 629.159945903617 624.66908625521 632.341807062646 642.252722453028 665.257697568651 662.581313076944 661.788217577673 679.061448435153 659.684565777966 677.28159352856 647.938249239388 711.749677378411 684.679412314244 663.046947975446 675.827616555427 659.830327193496 637.668781510853 918.318443230375 613.56221324847 912.363400983449 1178.98778677321 642.109544992119 742.431061009272
588.269531002637 606.706074411418 731.809677277147 710.569796521362 668.233564311798 685.199027203036 839.02068360327 794.969826397726 679.056457106723 798.555944528755 774.255739923523 661.97927361387 627.289911469175 623.935655633566 575.412326909025 555.493133705659 612.714551147216 813.062971075906 990.54537893328 1623.50147284837 2005.56206893663 1238.4717773555 652.97313743779 602.753904724306 609.486299440089 613.985335583198 615.616810812894 613.011414910062 605.106003362332 625.570340828943 630.380027857576 646.007374136898 645.939153928453 660.18039369882 649.706100435704 644.881125287155 653.725598042672 662.010883233072 652.915254473234 648.055395666703 671.457108015828 667.490643944593 674.676320595158 651.471829622285 594.671869801118 674.500033810733 658.414534628135 527.275970788421 958.914537016925 894.81453419052
595.094140762259 615.763645837477 693.385409414974 679.534922929783 604.820231525636 644.071317036353 714.851384804404 708.209295439773 623.476358840406 766.717052539787 746.327135149814 684.043586526784 635.579443035776 631.346158556731 593.353401220601 576.398441112729 570.669095268752 667.091543603655 905.328923521564 1004.87559493948 1315.78588312001 1326.41065762305 1595.64860379890 855.199035184942 700.779298255536 649.522329479798 616.504572467037 612.025687619153 602.492461904234 607.418276789346 627.474491563423 629.020387416374 648.534965818598 638.60439578019 671.192508253746 630.602415745138 674.609231236264 651.447415209924 671.69857424238 661.734181633308 643.121686776635 622.477271323131 653.794011393773 651.007712992553 591.213181161754 715.481220129877 596.237167182198 805.778058054911 882.778194618201 409.91691605982
608.640269445306 648.33286800585 667.715568443537 661.699815366989 613.984229606896 662.852394626655 594.920446210816 626.499947497422 709.819088777911 766.618112881016 626.461470582383 688.949827995717 696.379409204593 636.593561325139 620.589954998358 610.196417721127 548.592635542018 569.114471928395 616.994926426565 758.334026512629 903.749030916304 1237.99065831874 1659.13743500050 902.7436870577 861.160873341939 638.18572342363 615.45583085508 602.379407895278 607.994127246622 601.012383409596 610.828026954936 620.155628380638 625.422413435203 641.160343814688 634.300604534793 673.863445175172 643.868609424172 714.164809301528 678.98015515909 667.209922763728 672.974943638904 668.538438226873 662.937095435269 633.852237138475 702.515047850915 658.026082706902 631.787854176953 626.056461957039 581.417063139353 587.450290716067
624.781257527765 654.758861984064 643.201696651948 680.364633953209 616.613378335122 606.576404374829 634.098852224118 622.878701833626 708.773044101713 760.92867003638 721.99634842186 636.574589362247 597.455802435571 642.600070344896 631.709756902645 595.29862128369 621.978792561903 656.915443541438 576.442916764088 642.155665408928 773.359890275696 976.69257265819 1139.36916333512 1385.64394624265 872.483138813182 647.350116173835 621.261402547757 568.644804173054 611.162652234457 614.311461053499 592.719284706163 618.844284251695 615.661433710315 625.63470188744 628.727516220848 620.554317072243 622.889132213862 655.782481064736 645.925630793975 645.307881056886 653.330754767008 672.871011991646 702.758913241915 656.105024991082 701.236173889762 640.459994814297 669.528401222832 659.934437334937 640.20065062115 643.518881522473
641.744159529752 642.389921922822 615.59988719337 622.090924016624 640.214866699089 638.911516275426 653.840030419805 649.138977262766 704.890116975264 723.381639042124 794.932975157994 751.619256218943 638.82255463549 634.048535831137 722.82131466879 738.750311206047 790.956787636906 764.913659734608 759.533733540616 826.901325065533 889.549722033023 948.764482385708 1201.16412502975 1041.31525676436 830.656391932681 612.429564805209 616.835799027455 614.813491329075 609.725744459987 608.620117448437 601.583053081282 587.143609252365 610.780964908326 620.103825542805 606.536028136601 630.499794772703 631.367531233794 645.02950241556 634.219107945618 626.848365273523 663.380779700964 698.753565876868 659.254406330012 769.80381877287 652.97227113259 640.062602901356 653.722118046129 657.930798665212 699.24691812088 665.079316388008
613.978842001975 667.706666809447 637.61584687609 619.529663948546 616.54959802438 648.502500903118 602.625470863162 688.680260071372 695.25006514044 658.755291076692 752.424842910397 784.738076376775 737.144315230377 682.963470933931 654.651645980365 664.487926214819 771.368877433183 853.061641820494 820.404763473432 848.99906628718 830.08615634946 875.770682059103 942.76911592407 914.164669705639 772.298482324774 613.758628267382 596.073459851614 605.160834183517 590.721207619546 593.512207985197 594.387621782577 627.773277023272 618.516070079269 601.312809202217 613.152393105348 618.242044495715 618.75833041033 624.122418083797 636.28338891808 647.980872588262 628.711299183002 715.505026052379 745.988848556477 682.770157978573 692.475772000803 654.132507560924 667.381261671498 656.875474754468 650.606612791427 681.000806705199
625.571743080906 635.902693488909 632.617741656846 650.473840127924 662.440121468912 646.238515388679 635.105291125043 647.484624752023 665.962945806238 606.796267923428 649.156752185095 711.817873077783 740.939963557697 727.654504005717 679.180626833222 722.76727384345 742.678382841823 835.392250968644 745.425199833562 827.620596610927 860.07219898089 869.427453041697 974.35251111428 851.67104161035 611.897306778243 610.030722892972 607.388003490642 614.244353076206 591.159403913748 558.370024000433 536.62113580111 884.678622368324 649.104231198604 626.37869645712 593.727734440701 589.983283154933 611.716755332812 612.835118479272 627.282785271453 638.450713724912 641.658019642354 670.717159532304 740.148131724711 683.748037437855 672.103256740273 640.01159246135 656.954411255046 656.738593279035 663.617169941603 667.221835648783
637.154861193775 619.78335510764 620.240521761959 622.352755243954 637.422356218831 647.853502868749 650.359835268733 644.69600458238 654.656468004002 641.150141490281 665.948050763907 746.132403364866 720.648930710808 698.51821167606 715.83523148792 686.089370276296 715.308625842912 706.41701695246 763.3940594077 825.659556323919 850.684299643516 846.36580386541 903.07609887766 669.728203248451 626.280000336932 600.669262538783 636.481492228071 628.310742826957 566.784932723208 528.820881614171 821.186094379208 756.252499484193 748.911813679355 778.095357705069 621.115546018841 623.529237006358 602.19779410147 595.885883571498 620.600022711614 619.562075097138 639.647244091403 756.189502214787 655.202899860543 642.542380474195 635.955605886729 676.69162681295 658.911498161635 678.912587693532 654.058774805428 680.100449935528
628.799342629231 626.967422070672 638.937435207166 641.794349167582 632.070090749534 652.594915300458 644.205288986836 656.889940188963 650.88806771777 654.429240770304 660.984609629492 655.475417018273 716.964236914291 689.930131390596 705.984744830478 758.280557959988 723.701779668178 680.404642200224 717.238204657443 787.129114409168 864.278979713086 818.88171625075 614.115405676789 643.569973049185 612.918034579228 615.667411229578 595.817161130237 589.438043693569 538.107990461858 727.316290659309 724.79395423909 565.331544020986 549.645277519015 560.605552308703 573.06467442704 797.294024545981 697.498772544704 595.91864170932 622.905941978528 617.903206926685 645.270737063595 665.107459794994 649.887712833414 625.440315391039 613.109095092749 637.208561881132 675.159321470454 663.681062441234 657.981562441086 673.473817285469
609.78804292834 622.144231319191 614.312191216972 716.821797444462 619.267727043748 686.131757762052 646.90925239414 642.999172897981 621.781543222358 583.212986367468 649.573864134152 631.831915508951 608.119194319497 673.725409411391 700.603822538499 797.061091867003 747.022040925102 729.363257323608 751.817140348327 855.595651182256 811.833285452683 648.03424211452 647.456714289174 647.269780744017 655.908003337154 625.834681333375 616.635929559708 613.188912176651 534.848863117799 718.528931984229 532.099112341274 567.647163704995 556.358436849972 578.398319944227 588.924232962025 672.261912723938 740.334473770593 762.96005294472 715.989395013188 614.727069000205 690.775938799081 632.191655535565 642.583117648928 642.482302247026 632.253719762831 642.49785483969 644.714278473235 660.349918134528 693.072946139172 689.019927393107
648.565026607905 616.519063169181 648.039894122477 629.949454408752 631.899159618453 648.333965663968 621.644019575078 623.141302471672 619.373770595641 627.912600446512 633.059196134974 631.924321282047 625.084281109128 620.31900591561 725.967900078554 826.47623885111 760.383043991261 629.667502271638 616.871125836616 622.218786364005 640.009242043833 639.460554410151 638.83831882081 643.593463108651 612.629229313394 603.859250423048 612.526619240662 634.692499053577 594.615334611543 729.726366369655 549.136557660842 559.964056426618 565.40895219339 609.432894908553 608.521821150978 634.583702286691 704.185605585759 1067.56882904301 1015.88921609652 717.765208019344 631.910325042334 632.036040169684 663.578458406435 642.824187104478 683.265770432308 649.361507015427 661.306044011197 668.642157753325 709.128408159303 688.037644892862
640.729025079635 653.6390239197 614.172759669931 650.40491811219 634.346374282047 646.408100280769 655.800034070073 632.771618906446 632.689781929884 651.017084603201 647.160168981129 648.666062573007 650.04166956545 625.332674386281 707.319343887658 742.67616034314 589.821842863721 619.160282430166 635.963493478409 623.406390336007 657.679658221669 651.089273985914 646.796283601197 597.85419650471 609.04755631611 587.023221985185 642.534792952302 615.323222210231 590.793304266789 603.568238380349 633.480832191595 638.394885103611 649.642493422108 611.968932971748 630.373256183798 636.358951554001 622.205924900144 914.541682500882 599.18874189339 627.760630331574 621.309334313558 611.706260719437 631.73307554331 644.979410033005 637.956226432083 629.298522872896 652.660936248003 655.955883013342 671.589894756777 650.271627044528
651.775922308654 744.409589100382 667.997023474664 651.028820229359 644.888484359821 651.829267051109 673.532280714777 661.856973001584 644.33647585037 615.297669479903 639.08011889503 650.994171799606 646.984774894776 622.65627880036 620.716128741319 667.819073936596 590.303811074701 724.012318531446 631.298320689453 598.288070786654 644.747722982518 660.158536904115 681.445090814889 626.900798184297 623.336816006062 586.676442398085 576.253830439411 635.136151757225 591.019992846331 577.575751518848 633.589887802955 652.189181504744 591.068525887124 595.942207363674 614.886714250074 619.56354055214 632.535590747151 851.694640653892 673.602476131942 625.682471271812 626.241034550522 720.391665836082 694.180122970768 657.247818511741 625.331612560074 644.797141538495 636.417784280367 656.983169552646 658.574727561983 654.698643747851
676.090846236752 580.310895466800 642.199453541537 647.147903826277 648.566514147953 636.478167728222 631.011795779444 636.440050707855 643.41579743151 538.974201191973 644.850864134888 643.18712267019 623.270837647487 642.735024756839 626.998438093364 623.266266340529 631.694247328576 639.15100263465 630.713228693637 624.791035190647 608.653124703979 643.234461894413 628.446677823286 653.73091452772 667.529466012722 639.180524882756 584.847154633324 600.924488715495 595.725048653226 655.398518396042 642.02417102279 658.918503428989 595.728924886477 593.455411039446 592.983128971616 890.51847662356 892.506588704616 697.9734525308 606.211292673381 623.119682250243 616.938910440489 656.979291889487 653.658905026739 666.952817458527 631.213243791386 631.325935694505 637.176583034066 666.249914960915 637.35818300518 647.126235934318
