data/defaultdem.asc
NCOLS 350
NROWS 171
XLLCORNER 152620
YLLCORNER 418050
CELLSIZE 100
NODATA_VALUE -9999
[rows 44 to 65 of 171, columns 100 to 149 of 350]
322.390821569875 439.6997792444 458.324549379567 388.386160803273 414.429028433553 379.400371151436 452.129073792687 454.08173072795 425.630292371052 429.226513595092 359.422234410708 427.211339732251 500.185118892227 450.608891382374 436.37185926526 467.868503168558 498.594462659731 354.811602135053 506.474050225197 417.162494812041 500.765465923993 481.348434656495 479.423671697019 481.656972628201 565.81003070653 498.611719253349 504.996435988716 363.713593905126 601.250955782847 546.800883936002 487.365990647532 497.107230513303 512.685436161226 439.199192738455 498.581023832052 470.446060229423 498.947341376355 503.399659941853 606.016736174419 498.882216341703 467.703917050181 511.406574936673 492.47094953325 514.36498137684 504.065804801272 500.395206710551 519.034129027463 615.005113057334 526.784636034185 543.99284967047
466.42301294387 460.858451345998 333.21234003556 449.23299455683 462.099842304766 373.406886371875 465.36333534873 485.22178583342 450.893787775362 439.961241994421 456.871418743435 407.399578444665 449.57699496989 451.869551319314 461.465392804693 463.370582221678 473.718429603705 495.335884338723 551.856473293505 432.421622201401 461.543993339141 564.460124307554 494.319472845036 490.772341300669 601.662752427153 482.374466530214 485.198825146028 462.693994577222 542.573527084762 520.788607202435 537.546387257455 506.746690015385 552.318910373411 488.26387973888 478.312037062836 479.428090699528 497.666680591595 490.411852303519 506.772368393066 299.888147918604 332.463817861815 640.354086783803 471.545089035727 467.823257780559 456.06134498989 307.727748276568 510.900147015117 507.781806198708 486.843841342567 451.346974617769
432.096898561065 372.351436133594 399.565888565876 415.757064831261 454.892081965542 242.601265977217 436.527367236436 454.978717537486 549.189346707914 772.684423619774 400.821641257406 401.254621890519 469.619086065569 453.849549423613 474.073045318598 365.504101350471 444.405535852669 337.508817928254 469.007366937164 327.07634832959 478.201776547275 494.208726095888 474.205882538378 445.77909670396 508.823651575916 492.093472509577 491.759721330407 501.068881697939 511.344510973317 496.196540692139 492.901800127138 650.592065956792 501.146509745318 499.283050500168 456.450375772222 341.31821628982 481.388564709949 476.974279810375 480.441939296531 462.311633168538 514.88215543464 599.01031361396 429.931968673566 529.167569964333 494.481153746277 473.180490862329 512.573179082198 495.344251050113 474.963490423662 519.516177587438
467.601857743132 454.778232795476 408.311747129417 450.141378236294 474.951767796707 681.983597564166 417.216833326837 489.531952214408 401.019422293245 463.628357407125 411.823239345367 443.831312423213 489.502822166445 292.991422971045 494.03332076365 437.034347231739 473.958914055838 505.111536607933 377.998089093166 455.185658902827 405.777705868604 488.780990905844 485.737795464042 499.580494483119 505.92937915406 511.088074694909 457.170516895084 496.791694047079 509.612930455426 489.589660292964 496.542953770359 552.054432515411 523.946840182631 512.046579677173 475.596309714288 489.182219934114 485.069805467456 562.077270621293 520.055484423897 510.192472299068 517.935270340051 512.990400653022 516.410752800009 610.775129442032 493.857688569222 345.600167685147 496.574037364485 424.784782445815 471.890708312873 531.210410347755
439.676328921166 443.174922976299 440.462779980407 387.640618054626 459.596795032177 493.475407551725 475.060838030154 452.344398229696 429.423624657173 353.078341068825 466.764003178046 436.77976279794 474.770861109356 430.596200573913 409.039052207094 452.375514495106 474.289256938825 494.326607310639 484.431244030706 474.166864143323 485.950864340563 474.578876114482 464.197943297305 471.235569680307 503.233044785798 408.672572409873 468.743183272819 485.237485889526 459.105389865711 512.939166048742 470.108618462187 553.459283327516 500.653976906324 509.020628353928 506.541414388312 474.851323215084 263.584737283545 418.54524152275 495.749756529231 514.652738889487 508.05733718648 492.292668476975 489.315864020766 530.689374731412 445.151027621662 512.752245488953 484.088520547568 490.198749883124 372.481761660287 548.245692465465
387.21688263759 248.446706429062 445.087206771211 492.230144314701 310.450070665663 457.014319860162 467.711656078314 483.455581806731 440.420877095695 480.93388506316 468.350791127627 475.207805660661 519.970161452616 463.085069452317 441.760360121078 482.13656917343 447.71583062485 484.09199521389 435.97146875426 398.09303516198 457.577652751738 477.146363837166 370.606781481355 506.031006916706 505.312677411875 398.00236766275 422.363573157082 545.314126715706 531.191465452419 468.779860739453 375.982248351007 518.885946288819 524.570489804517 484.726271663744 526.00621408724 492.509281381042 482.431158387043 492.600695500344 416.888930378642 498.551786832826 486.243396505654 537.669014741678 521.73373752169 533.157638965114 479.918936234261 504.670718358586 502.212419463366 496.868782151658 526.103492222406 543.240772787051
465.290559620419 430.751824336246 476.902320570629 443.780910678384 441.924680072006 436.693666812775 471.853704441495 440.818255651506 446.204065491142 478.209102868698 459.618140388148 457.104823288127 398.106761345334 474.560362561726 456.94056162945 478.01188137849 562.674504895083 504.951643652916 481.922291707683 498.503551568159 494.658418367206 505.234728085649 477.74714646248 454.132246297592 465.72391761069 524.521952620088 509.457517993913 523.940961134159 454.878596399667 503.898153641028 504.504031402984 545.124785115546 510.88455853781 495.646885839909 534.525975180276 504.884969488981 499.074659421833 441.160941860262 487.530065492353 561.223185516306 543.641303905239 480.589585464094 499.363363855465 454.674520867712 529.978630214338 524.610893056746 536.953707724527 468.979975248353 508.145644410269 483.16390760914
446.791569029481 444.173797102068 449.831585205589 437.545537409057 408.475963706829 447.771251386392 301.731343699177 363.045777505157 457.564662144396 476.365282951832 475.123960450454 432.734219909131 499.161890744637 487.41288809685 477.893627722989 483.575518385582 672.405272069035 731.878137582587 504.2567746842 509.080286371942 352.132264734553 496.928305203484 526.122107752706 529.877714355604 509.901741937137 501.011463279138 476.129724187962 516.992050793291 496.958359099658 476.676848811525 444.530382494458 526.674651314291 508.351075733004 515.768602040497 551.163712207548 521.250863758273 519.234791309168 504.713537136734 501.831062176775 553.133436758439 531.876873481189 540.364779072412 531.360543581056 534.977063383161 521.660495694386 439.929788950281 542.14264235103 481.662825109333 496.766561224079 514.018644344427
413.282972128237 425.627332389557 394.031486879591 430.005106196633 417.038588792003 407.965369984036 381.438152501433 472.782188246051 467.646344945701 302.885187596654 415.328302202522 477.030021885477 452.697447983556 488.392751594136 481.372392193625 475.126887050825 493.565092438692 502.605990162858 427.784278465413 323.591464606376 506.29227404133 505.460099919467 518.393085076177 484.642062953693 432.024529479793 473.024269551392 457.240948034388 451.775198540394 305.484194064712 453.846438522413 229.886528589102 456.957209561342 522.506203572775 521.832219778014 534.815314444204 531.542889339444 452.023238628349 521.586536381786 573.244346980321 527.062513269068 487.088674940764 546.903319996106 438.924500456166 499.998081747103 496.676753296601 334.733846714118 558.682041184871 461.950188123802 528.388763218365 398.195208269667
599.638146412892 440.720432625756 426.806801548713 439.973337178018 413.66594669733 354.19819894022 375.162990421549 465.605369060447 465.907561816874 529.496633006726 415.255287109005 485.636846456165 354.767434198568 331.253801077756 480.367134193647 475.126859339427 490.99189620614 514.803148892151 363.605105974075 482.434361584035 326.036944052532 429.668512993955 469.929404745483 523.808693394329 502.157012798524 418.695305505549 497.443414736357 463.062579513488 491.188841305029 521.152317942289 510.599560368822 515.737476999358 549.229601468118 523.044187122191 527.580716540608 501.259103377853 540.510908992257 532.791100158778 530.790837762044 518.277219451511 596.443202093425 393.575758903874 532.003037536455 414.390821569875 506.6997792444 525.324549379567 532.386160803273 518.429028433553 481.400371151436 537.129073792687
420.57733894419 447.738706527654 316.90467234852 262.501615934548 441.247541238271 442.341101395026 527.973894529833 442.192879289847 489.155913367659 526.953419321417 560.640757412284 464.848934733076 451.418886543652 477.166293434142 484.381272997248 501.546684298517 488.553738436794 410.099654484015 431.772579151261 477.511227596857 489.527838350716 502.5443094724 511.947499231419 538.832313955737 504.18669712285 486.051086113977 516.201387634612 515.461150781873 557.359610445665 511.334826556321 529.410175929441 469.887872199548 499.454241734482 529.856444444806 531.269342751576 511.688167051254 511.386984741404 509.643598275061 522.088372522967 479.867423623372 321.368795851327 216.091246708401 344.893198199038 572.42301294387 513.858451345998 402.21234003556 565.23299455683 547.099842304766 460.406886371875 539.36333534873
436.265128461184 421.22941262616 428.333351923255 438.201099041365 513.268201769191 457.996538818768 514.263026252464 505.991938196595 467.08182219814 501.109803822811 368.624039846025 450.029376955817 441.606944094583 503.990927361911 426.299351762525 488.752529050294 457.739681640256 361.316116520428 497.163277462793 494.973479986867 405.053793528133 488.714180069773 517.904518653167 446.273297223877 470.953048002566 562.897417953114 491.566074288664 507.564314265778 524.854153871171 521.178156868843 553.855224769435 551.499829135008 413.764018261032 537.238190644879 466.851836443792 564.451486127476 327.600301582114 540.788712239777 481.941601053238 485.337367999431 545.140058387133 559.868419576239 587.628871100669 542.096898561065 478.351436133594 487.565888565876 535.757064831261 545.892081965542 358.601265977218 530.527367236435
404.344657139287 465.651300497674 446.398732120981 450.143925453965 447.86074291165 428.42973420265 449.197565757997 467.969670847937 481.111720884711 508.387062943203 546.903001950309 469.397692594367 469.128340743064 476.488315828577 430.560349941646 435.845432971403 545.622125651339 419.63668768988 487.049916202466 513.20155617684 507.583382511994 450.79433804825 526.957088286317 517.78637356019 448.851035629343 510.111958260929 553.294910066858 428.164768915884 698.317790687013 475.342079801611 574.545745616499 452.911804133107 549.32419032907 482.660102157294 545.80615619758 523.470503307776 537.317920221797 427.65800455135 646.322083606314 536.573241808373 460.583965042454 548.996052285445 568.903677470561 571.601857743132 559.778232795476 516.311747129417 538.141378236294 545.951767796707 778.983597564166 533.216833326837
447.143370643723 349.827684605987 440.647516050745 440.668958319248 450.634449289442 446.238340375106 484.814499394824 462.750542290383 442.546696836347 471.554987541297 461.238431193354 479.806089484731 459.886918488453 472.225585735907 451.603456612746 479.556936689393 465.069142570256 492.398491508793 464.526220969439 492.691016437342 395.354062647148 450.70483017215 405.706330162053 467.509244777117 470.4586955265 497.302115714847 520.695823479941 490.131141365411 563.812277982216 591.00916887818 687.924461942135 649.992613672018 583.029169756328 394.335396031813 518.306776023671 520.228222493595 499.890265850123 474.322985853867 590.992526793251 576.944734189548 486.505884684497 564.713773617785 499.206778866322 537.676328921166 539.174922976299 563.462779980408 485.640618054626 543.596795032177 585.475407551725 556.060838030154
280.292713689039 434.238817262007 454.900029450705 470.666728503423 451.33832294349 270.820204186682 406.284137031684 467.650980087514 448.319815094065 463.432982450962 471.34506995369 465.076028456 470.604972525914 462.329302927804 444.227874592714 466.949506312566 476.728298898008 438.803650167801 494.373659350948 474.328515070651 493.182679381529 505.250380916321 439.390004075071 502.95030170802 471.819119688486 518.206791528598 503.007152212432 476.487931625371 542.801708874868 510.569908858097 595.189571540998 681.46173994175 597.140987451133 553.793762579307 790.281824217038 636.752726373197 520.807583566961 582.88838659887 674.706833509216 620.339228802371 659.247786586736 554.806099818684 554.571303604516 483.21688263759 322.446706429062 532.087206771211 626.230144314701 411.450070665663 535.014319860162 537.711656078314
435.575312048378 448.528757304191 448.294410083608 289.708522509827 411.474325158331 467.897046677182 569.496091588895 462.53989230881 474.539549422453 453.07077603331 500.906759498838 393.689225536578 470.455050079418 431.087721408075 429.148046510276 457.657037473103 455.840383817955 418.742969764311 479.896102417891 579.626628489303 502.845108635668 279.023843751698 475.178001386391 460.017502295273 409.088344221618 455.485136601883 464.558483695611 318.81961014206 478.863070349294 490.009925315478 518.546497301839 545.859177749215 564.948513545879 620.965002416012 567.369810174018 591.90966540576 669.105715550836 556.449326724466 551.203336034107 538.337655290818 546.611792720204 401.124030393824 524.842381094402 541.290559620419 530.751824336246 601.902320570629 548.780910678384 588.924680072006 564.693666812775 566.853704441495
440.568689958983 458.98591904263 472.747882853902 439.631821427767 467.483329979831 264.289485616489 470.171199508539 441.160120197299 506.810981475403 464.984352077965 460.555154569365 485.667574971034 309.100847283019 469.428788176259 470.627829834525 650.702751107175 504.095568604167 510.232915566031 467.818198120194 325.743461454928 484.993353953453 464.28580054269 506.216561155185 507.300956858138 483.182659807709 503.698409686895 542.628186716396 521.03811514272 516.364783591275 517.772445507192 568.127084582666 514.108450781536 512.361143031524 410.243125570253 638.992426870901 459.21265459916 548.939705254031 560.323101437117 552.280357025629 546.936198916663 566.067764174883 731.533332781725 529.913146590474 553.791569029481 564.173797102068 661.831585205589 529.545537409057 596.475963706829 620.771251386392 440.731343699177
415.931808676483 460.391682938963 445.583802317444 559.047605332868 471.404641438486 461.757762069723 433.831647111503 474.031399149263 473.609098876867 469.860195658149 438.683804165556 466.899845443454 238.56804023655 432.680274150867 575.296546734106 465.514561501273 480.010479464417 505.433186288974 499.224478185585 517.931321400854 455.210740637603 511.421401569168 452.074110909829 470.718809447839 448.958789154981 489.718567006175 479.596742888759 395.502571000691 518.841784269502 437.238364668873 515.250627498601 485.283516710031 523.26584306873 526.839641729292 503.342215178944 505.657355226906 559.158576940218 550.250097739918 520.723173768833 476.057441164698 529.894659112684 444.396895723158 552.415398689573 626.282972128237 559.627332389557 590.031486879591 819.005106196633 599.038588792003 576.965369984036 447.438152501433
454.082668701644 471.584488206509 405.917979476323 464.973960698227 452.360674457332 462.150470603548 491.896522212998 415.241419169313 489.073722373271 445.357163637941 440.866738202351 470.18250200685 456.013887933045 542.29375879304 539.869969075621 330.649284892851 443.050032772757 392.005885719607 514.760452816249 485.025331883142 457.416550918731 498.481023505988 453.613044714481 491.734322693779 509.491858117304 510.196939641128 326.389865010959 513.911136555961 492.409587828639 525.069352948341 507.010752944271 528.373392980671 512.144214578305 486.679506579693 524.095633720426 525.821870536967 533.802922738453 531.335043381401 531.724065799892 526.720216896616 551.63209749142 513.321142183302 510.813647006587 739.638146412892 615.720432625756 546.806801548713 812.973337178018 507.66594669733 458.19819894022 455.162990421549
441.09949704426 470.383990350957 486.568077249526 499.154046262713 472.74610142478 482.19259991468 544.521068526475 458.983469855772 397.776894651988 471.220137353413 461.969629552363 436.745897567179 392.512837585517 377.963285799825 495.72674443557 464.336010476721 476.466585742719 519.12693110193 354.004261757735 436.854190201158 478.496449690574 523.343024775962 454.528685135816 500.516745008362 459.031422291149 554.477529763938 530.306510861681 380.55955045866 522.940751980049 459.848202651544 509.691596188992 517.11643483062 535.794516847267 543.271272218293 522.450297571099 513.159112647868 511.885562466658 515.00740587894 534.044363644297 541.118642145714 563.293660089542 537.687816461354 519.943759804309 534.57733894419 554.738706527654 486.90467234852 398.501615934548 557.247541238271 539.341101395026 578.973894529833
476.938399425901 472.910455337633 462.681963545948 457.575310085375 444.207668430074 451.029101396899 449.063117771383 481.605032026549 479.621868225639 486.76261040157 434.352348637681 464.693188301275 456.412252366787 467.884269905482 396.346512213864 478.22205923925 427.792605723401 479.512637834334 448.706844146145 473.982682103555 456.229994849575 430.229147940896 514.107226748861 498.181309864215 463.584962718404 478.345112216226 530.630754770277 523.100948772897 513.824522454929 503.014154004012 451.56460321014 278.881543909926 518.921722262657 520.403668910349 529.231370407901 439.538029828815 554.170914268306 558.358400340712 545.94936612603 514.668162626548 544.966430629794 428.242683504187 561.333597920388 529.265128461184 527.22941262616 541.333351923255 548.201099041365 597.268201769191 539.996538818768 572.263026252464
427.907892988832 476.63553525621 462.870511458658 474.915538026428 318.744075755016 201.598419917306 326.59053447963 415.702425879136 465.460336450448 561.588371366924 511.996923905299 461.075870786861 514.768586253453 446.37366714768 478.54038877214 452.890009071305 461.988348269937 444.419547228332 417.553100708069 379.034304359991 446.190395198958 494.716236560624 297.709152493146 471.839384769755 466.89713522416 454.870107019864 549.386011245169 492.055113337704 454.571979202058 489.974179225491 470.174538526083 474.493520904555 521.539124423766 532.723753592535 526.871858676116 539.115476552855 564.911941520144 555.631560284628 526.553504016322 534.665657020952 566.096409219299 588.094814406075 739.436845916233 496.344657139287 560.651300497674 555.398732120981 527.143925453965 560.86074291165 541.42973420265 537.197565757997
