data/defaultdem.asc
NCOLS 350
NROWS 171
XLLCORNER 152620
YLLCORNER 418050
CELLSIZE 100
NODATA_VALUE -9999
[rows 0 to 21 of 171, columns 100 to 149 of 350]
-9999 -9999 -9999 -9999 -9999 -9999 -9999 -9999 -9999 -9999 -9999 -9999 -9999 -9999 -9999 -9999 -9999 -9999 -9999 -9999 -9999 -9999 -9999 -9999 -9999 -9999 -9999 -9999 -9999 -9999 -9999 -9999 -9999 -9999 -9999 -9999 -9999 -9999 -9999 -9999 -9999 -9999 -9999 -9999 -9999 -9999 699.138256025943 730.008335965145 646.49692736163 594.762850247627
-9999 -9999 -9999 -9999 -9999 -9999 -9999 -9999 -9999 -9999 -9999 -9999 -9999 -9999 -9999 -9999 -9999 -9999 -9999 -9999 -9999 -9999 -9999 -9999 -9999 -9999 -9999 -9999 -9999 -9999 -9999 -9999 -9999 -9999 -9999 -9999 -9999 -9999 -9999 -9999 746.922807944341 779.184691349269 791.834304106714 684.468900016107 619.385699535281 710.96296396249 706.30444828042 630.420555131157 546.890238847233 495.083026699208
-9999 -9999 -9999 -9999 -9999 -9999 -9999 -9999 -9999 -9999 -9999 -9999 -9999 -9999 -9999 -9999 -9999 -9999 -9999 -9999 -9999 -9999 -9999 -9999 -9999 -9999 -9999 -9999 -9999 -9999 -9999 -9999 -9999 -9999 -9999 -9999 -9999 799.074683423596 811.444876002949 716.34047980703 681.181548646451 779.022100411156 790.860246688864 683.751177930736 620.530425343724 622.01536918503 610.947636647227 611.35113529899 547.616921026953 495.468768126545
-9999 -9999 -9999 -9999 -9999 -9999 -9999 -9999 -9999 -9999 -9999 -9999 -9999 -9999 -9999 -9999 -9999 -9999 -9999 -9999 -9999 -9999 -9999 -9999 -9999 -9999 -9999 -9999 -9999 -9999 -9999 -9999 -9999 -9999 778.426678172529 843.07339371379 841.686836846674 690.943168390485 694.7734183459 610.999837117371 579.021775023902 677.932372535238 690.530763576803 684.448661401563 710.108419825307 624.83899748894 623.532100607991 744.866340841614 697.639660220049 492.241536979309
-9999 -9999 -9999 -9999 -9999 -9999 -9999 -9999 -9999 -9999 -9999 -9999 -9999 -9999 -9999 -9999 -9999 -9999 -9999 -9999 -9999 -9999 -9999 -9999 -9999 -9999 -9999 -9999 -9999 -9999 -9999 -9999 726.834479208026 736.205424223237 678.425204742798 726.539432505436 739.051417931186 735.25574553744 685.523928689882 608.972959741175 575.103031300014 675.686856609852 685.63315634311 686.756356170771 711.472032973239 711.801181114363 727.34258666094 743.996943729897 698.974356013262 689.53934127196
-9999 -9999 -9999 -9999 -9999 -9999 -9999 -9999 -9999 -9999 -9999 -9999 -9999 -9999 -9999 -9999 -9999 -9999 -9999 -9999 -9999 -9999 -9999 -9999 -9999 -9999 -9999 -9999 -9999 -9999 732.277604234837 622.618097687532 629.296279079367 619.841993996242 611.407309658952 721.496540415125 723.286267533833 709.686488465859 685.37906048074 700.901981830488 695.214243925936 708.838657845052 687.735352573316 789.691800052672 816.793272326005 817.528886732503 831.032173530804 847.259842859703 800.992786053692 690.782667793218
-9999 -9999 -9999 -9999 -9999 -9999 -9999 -9999 -9999 -9999 -9999 -9999 -9999 -9999 -9999 -9999 -9999 -9999 -9999 -9999 -9999 -9999 -9999 -9999 -9999 -9999 -9999 596.53924394091 695.415660805152 600.046095446886 607.601796233315 609.691070576607 625.040585202738 617.471040093537 614.249139633032 607.429740512954 720.955643738484 688.095932052158 684.166492335111 794.791834394095 781.735191142388 799.589557652681 792.815457482866 797.774937469853 664.819070320794 733.321370376835 1029.32209417940 1082.70471734840 933.701098433933 995.582203614202
-9999 -9999 -9999 -9999 -9999 -9999 -9999 -9999 -9999 -9999 -9999 -9999 -9999 -9999 -9999 -9999 -9999 -9999 -9999 -9999 -9999 -9999 -9999 -9999 758.670654858748 739.744507265114 639.083961424646 595.988057668913 584.31417537993 593.436510573946 597.103678255743 601.528553245147 604.711754787909 615.756088542625 612.099227218511 608.819707038076 684.98314354585 672.09672461471 670.461220181613 775.284202371351 778.78251566373 803.013912654169 877.942703243408 923.189395908328 886.044125514244 1052.76344465702 1007.37518911641 1080.66387297919 932.592870222546 1147.78540047883
-9999 -9999 -9999 -9999 -9999 -9999 -9999 -9999 -9999 -9999 -9999 -9999 -9999 -9999 -9999 -9999 -9999 -9999 -9999 -9999 -9999 -9999 685.952085186389 762.936574203689 664.469579937787 638.900595310239 643.10250472283 641.397620478693 581.678325117822 590.732075689295 593.753900485658 594.521569158078 601.898042435034 618.421995988485 607.23018180523 593.149900135802 593.320503327923 712.644675558387 709.746003144792 825.029848367728 955.257423454062 707.802796236193 723.594233551497 834.785353191424 714.772539229562 1097.07867529242 742.62663444989 707.123018479606 707.037210425172 576.977610710239
-9999 -9999 -9999 -9999 -9999 -9999 -9999 -9999 -9999 -9999 -9999 -9999 -9999 -9999 -9999 -9999 -9999 -9999 -9999 1058.45550456458 712.493715392254 729.48699181851 680.260713089443 645.759631707232 543.441130793478 534.376201673571 627.306939537745 621.036278564868 584.108885050935 578.802615899969 591.198756803237 596.090603541722 598.224073453534 597.590540733864 595.520069380813 591.629103505048 592.642271735922 588.93020324479 633.155970631238 735.244968491695 709.54248799882 705.046108337627 685.564732123457 681.64354956311 680.675362114183 704.498297509484 721.208176074815 697.860740625361 701.968460100438 691.750045683944
-9999 -9999 -9999 -9999 -9999 -9999 -9999 -9999 -9999 -9999 -9999 -9999 -9999 -9999 -9999 -9999 -9999 1042.96832664595 1044.96695427278 1055.83582047800 609.340175597785 625.080394628185 568.870770597943 583.658128478802 527.588174108334 682.870247180755 684.284563714015 655.717477522784 674.092025030337 679.474681481153 691.150677629941 594.595068600585 593.452877126952 589.489649966048 560.43262027541 557.749851219179 588.009532742768 585.283639385294 679.996982382806 685.310212365514 679.94476324752 692.577475660961 688.117091038721 680.876749991344 679.342035708765 697.836655842695 675.723143709836 682.454388404071 701.531288236653 635.520186786477
-9999 -9999 -9999 -9999 -9999 -9999 -9999 -9999 -9999 -9999 -9999 -9999 -9999 -9999 565.174681001875 674.430314066888 670.447161747403 941.04922160201 943.068204397584 947.47082551185 958.563657384248 607.706230553399 560.816644411121 600.830331103822 676.333067566442 678.719927946663 685.557616457708 656.124743243472 655.376013817332 684.964323396029 687.358699568082 581.621410201797 584.004423472161 586.04183755198 578.103412001341 555.831053294118 557.856071594231 553.829653359047 643.190981003358 670.817493557781 686.450814418641 683.450726346208 668.427804190092 671.114050915259 666.499313343538 663.258876018091 674.06907705157 693.627849154704 723.231541808417 659.773690222038
-9999 -9999 -9999 -9999 -9999 -9999 -9999 -9999 -9999 -9999 -9999 -9999 684.558860921858 669.404345747374 563.504992023807 672.328611122373 572.482545289898 570.205969808959 941.417716716111 946.115335601574 948.579791479274 558.622865207603 590.614030657902 600.87882889677 673.690908950068 778.581011759656 782.044921461827 661.610132432027 661.690412171178 687.671490432646 579.326751746206 579.658250749918 448.128734648823 584.506172625992 580.269559751032 549.676668395686 545.712827536209 641.584657943792 622.168060543641 663.063427351579 706.63607257723 672.099524854578 662.312252454848 656.824618976333 653.283295071086 628.830468537065 659.107390753636 692.527569469405 677.768940817721 610.039039329009
-9999 -9999 -9999 -9999 -9999 -9999 -9999 -9999 -9999 -9999 720.750236185046 712.226472115704 683.732976464899 664.216494213181 563.896141412596 570.730928565184 570.956269387022 567.959576110675 549.297930867992 550.039382665813 554.304389632049 551.087293307263 570.846329676121 688.477292540005 708.561504525315 748.783577991494 753.005266469645 799.543840949415 677.089741152096 581.143911006392 580.48155541351 525.156357188056 453.179176928134 445.307980355545 583.300075258315 566.120430799122 541.903961423256 637.841019703335 628.647655496044 581.025345785349 651.717398053096 634.708489478546 637.541726911718 638.822850898845 647.688712875524 632.499755454178 683.604543906474 676.51713689978 613.92022637264 615.122898758116
697.889049633814 721.247848973418 707.69457572803 670.767417492897 701.477911813617 502.493076630236 489.545174614551 484.624944329318 493.863750690721 384.033006150615 621.119238903525 612.957785262517 564.137624137644 548.727047374558 563.433745052032 563.233731521392 581.854617860615 545.499044130653 547.790733900433 552.722483155243 559.886081345255 650.621520887024 653.861011356056 697.14652686747 710.765813542232 733.911289189895 770.048856990873 747.922591128009 701.188441761725 578.056310644858 532.016359411806 613.461385879256 545.625043376671 449.324235708611 584.876321682741 671.543028398384 660.571942266848 595.065061382945 594.313132284298 676.852956710708 645.713143972103 636.222966162635 551.374869835081 619.262722478501 637.789675546234 609.866647529945 627.751322164414 619.211219160396 590.815599315169 708.78850572463
646.694917131902 720.203147859448 703.262665737557 561.530185919876 585.13035132321 387.273493381736 387.101352256826 371.192910242974 390.820393300348 385.065084214029 620.502885417871 615.346250798436 565.892489756934 528.85409443299 565.189321521803 576.231671012454 583.862332214067 546.948739371954 645.996445562007 646.96754325396 652.32702251942 635.965915305814 573.103955792747 736.793763728013 628.248769314204 680.718486614387 723.304113275943 604.01585760525 658.424850975666 638.019068086823 528.353285141037 609.354861812652 546.357096250462 455.59746700454 570.360090918158 749.703101694588 658.435546176316 638.680479550173 575.152282095601 614.889180757679 639.46044759997 629.078363926674 553.500642847777 630.197858686787 682.71792754724 1216.55785896272 955.838228541622 791.920929948539 643.387851327535 578.151836800815
544.485835892837 620.264089819266 600.929285458159 602.240626644932 580.637125222948 384.74948847201 385.772903169494 377.143739067809 390.635926147703 558.794915346377 554.938683331009 407.410306709004 394.502142139428 555.580984247503 555.762806391748 682.931394151698 695.338936289921 715.039692827907 732.126539187335 710.954420835142 683.096747810658 1078.26237423925 552.116599430338 644.184792331671 620.829001096365 664.191559957233 602.862164400126 763.841962860093 496.429084474107 695.006810825665 695.05463481399 712.56153916156 645.902924633988 833.749513333112 696.604983606369 745.083866558093 618.388546603431 521.559214458446 560.718220197967 626.361791438071 640.4775276826 628.882585315028 802.21232821798 879.769992536093 702.24687351964 717.604205932958 672.830696648969 666.660855763513 644.828515802009 636.469547207457
548.124634269929 624.146833066652 603.390206481981 544.825672611074 680.637818969636 595.70056262312 781.151897223316 1038.76264911780 547.03842132876 562.201488123261 565.674153932889 422.141605406475 500.730618131529 658.402189528993 659.437205923779 615.54083862433 714.749005258837 765.070846693864 459.671307223768 727.81159022732 644.089564137379 663.541268401601 532.261139115863 620.419675042766 646.377064213796 581.975848489494 621.031771783791 785.364615724382 698.476871718638 657.314365227116 610.355259419548 713.605707050134 640.160308897488 622.353055870317 620.965472434193 1163.00927287718 521.505364016640 468.099851197377 581.665616522866 622.020986710803 1245.74327711456 746.312594869032 600.157339315551 597.062552198734 663.25972368602 703.494311501287 759.643994972194 649.95694276007 645.30947622898 591.097230187199
621.646633278628 622.6842686853 1045.98770036338 534.486447480055 680.789143721006 596.895705645971 786.948335194596 1039.8043579947 547.324796258295 656.158849766863 671.634571931103 654.684194511789 607.212241433807 663.21601334041 447.376174396611 606.873441682124 664.764370640926 687.750792550383 495.963832085807 701.436915219368 608.157429960263 649.260410889287 572.941335333604 576.108419329834 446.295992668784 485.22327179437 553.58614957106 625.024356377844 1153.52126771129 860.147157424565 673.971870042919 800.15198662678 1062.20650938578 1062.99568781129 765.391615708881 1058.66112556314 895.340754076637 805.585777488283 575.968283603381 624.248236535281 574.472394533497 557.906560554528 587.498972255411 583.019801978349 629.61775240362 639.856594548357 652.986163249806 616.35328332624 633.235248772208 608.562373309501
734.886758122275 761.906177890688 1153.32595241997 639.52717813908 786.88045153981 707.553686238732 896.120308721707 1144.00347982984 898.88248862982 654.893882701996 873.341144323873 929.106251085205 904.99684354765 897.753672637421 433.240405054662 1051.55601823198 587.735430283126 625.684661582866 468.936573970868 893.80644854241 666.851175494875 649.328545046908 506.82117904243 520.960795329437 1185.84512786734 1088.94607803440 778.420181558197 655.23387967991 584.33237968863 547.489208076767 506.991768771976 575.563054433037 556.401470296644 584.30547801747 580.217260706657 1098.63766774302 452.943833858659 583.490401299592 622.651037886616 633.17883834324 635.023445493106 567.925331952496 658.342180022686 626.255512605894 628.807802785043 633.769578055901 624.5914926248 581.157601256791 641.504144242346 619.772433809475
721.7642038861 598.63956507762 586.214513023851 550.654702942416 529.96437181088 654.89787573602 817.07855265122 560.94016158723 902.846606329353 619.754723979272 617.08970333581 967.130076190777 651.538715344675 925.87382989343 1031.57033061307 1023.52128906695 1114.34360112777 1111.84295566649 527.754810214115 470.866196260353 712.041468728365 371.749049187836 953.749596038698 370.351380015944 452.573991504615 1129.63682481632 541.248514983874 591.340682641222 519.267199518134 536.864802651712 560.599219738771 563.760466942723 583.000191350836 618.319020829427 599.46300097079 628.596730524313 616.579344602869 639.946580028371 662.152205714986 615.480907142667 652.81420718995 710.16316046555 636.302644784476 615.721420474503 605.884656796635 680.38366065927 621.530865612407 632.835093070718 611.177795283756 598.568792654286
530.260341726836 596.100393113713 505.377303573698 500.807007302742 538.364381393221 842.60772296872 625.307698696286 834.500573464797 651.302718783543 645.844962626671 637.298164738391 817.747744391964 602.281254107661 668.220322137544 479.091595952306 2171.81940408094 1069.17718421641 685.14498105234 455.720725183962 873.033266536705 767.594245006713 427.526787847874 340.842083133143 772.107537904044 995.43528981712 1484.50371619244 992.339711736477 782.38317458727 545.190160620861 562.478255746346 594.494129979331 595.592705552116 589.166330957216 607.965053831476 607.947260407757 583.6167736991 612.8050985483 629.800832007073 665.624326804067 647.965702863238 655.094116888051 605.502675804619 618.272158025294 612.060992268671 615.121712106478 646.268931449157 638.748787458414 621.909145833804 598.758012995825 641.121823983345
