data/defaultdem.asc
NCOLS 350
NROWS 171
XLLCORNER 152620
YLLCORNER 418050
CELLSIZE 100
NODATA_VALUE -9999
[rows 44 to 65 of 171, columns 50 to 99 of 350]
730.138402765514 775.58571764854 782.367250628364 782.137878518442 418.268741615068 419.615654594521 521.093152947215 523.541954544534 557.685922947514 529.683956361556 932.306401933005 502.655319055937 503.812117547442 487.727415658788 491.373744454582 457.00979303064 478.130299397768 465.597423075374 445.457112421824 436.743494945523 424.586367997483 447.96348028149 448.783055955211 438.234404182011 438.248220777286 433.791498455634 411.409878450618 421.195593262037 436.762266860348 448.230248138252 420.209808679274 443.361682108038 449.479580913585 457.39399788262 443.308748794505 437.443867405371 437.10149432525 433.254457051059 399.413050045804 410.773939650346 416.950779110486 495.866467724237 419.98334193512 433.067532017219 420.287661429733 416.772625230654 426.468298452014 430.773579753617 417.47328846147 428.310926018219
726.197948062774 630.125791580201 630.939129811794 780.75249153802 504.638733361583 485.758126144484 586.233756378578 527.456940412260 489.983419448712 678.979017696085 497.586278116322 482.695086924002 480.335043661462 493.697321597238 472.245868908386 453.681220661888 459.567932478121 431.330271924829 426.588242455493 440.462937892478 439.498167175118 430.869312934278 435.062945147598 467.256517886643 440.539963297603 414.90620132435 444.344672263154 440.005037138353 435.585495763038 432.369100710738 436.598598097614 439.804358528286 438.114889887858 432.587201097267 432.986714825417 442.50648305067 437.645223351712 434.733099475876 394.892683891526 406.222350982876 421.729956315456 419.182162166608 412.224545001887 410.186791512552 424.913805643448 480.027577037549 429.626704322348 432.477865730887 421.742931070571 420.595001771488
612.574472447194 523.272324148743 526.142173877426 440.617368431227 378.778597344464 495.351617404929 588.656789010147 420.040914417514 649.898192254822 574.524731544838 508.07097526901 507.590553857601 496.919094229259 477.75810891276 455.646156187606 451.453203275289 425.548178702702 425.319473172175 431.921544477940 420.074659029154 397.968277551855 423.749969976718 420.103547428889 433.671925967831 422.121060893873 433.13244105064 434.196902794492 407.673308393991 443.641443976928 424.293450916949 443.661404505795 432.296091835948 405.556483156805 420.437234547277 427.430251967378 446.197016702652 430.338406265728 425.070471314087 393.173246463919 392.11304071465 413.207921411855 425.258186927034 396.313030791607 397.759787801868 403.825275886418 422.898911164154 419.882468727285 423.103816451706 423.384625026899 440.517580352984
562.104197416599 481.775419724811 445.305093414023 445.029975810977 380.633399680158 460.137360460619 1010.30750597253 679.332104637005 519.843279188854 498.536767507244 510.811289519347 512.960868050885 484.869116592746 464.846663591654 560.338114809934 449.846089510292 433.806274077016 425.42793950272 422.865079753677 411.121491892311 420.378261525481 417.754566435217 418.069249770911 417.96291382855 422.468681920027 412.175609619683 479.546189953533 433.503086201998 457.271459268729 455.314195540417 446.342425480467 476.854608096561 441.693530508046 431.348175651758 423.778963289123 431.839136072127 426.114255198995 429.034583419295 410.236432611128 414.52251568152 412.625278112756 430.319255415766 429.478367294514 428.364857951007 410.381856327210 438.651104610054 439.617487544979 412.615610142447 441.208660488009 435.840816519238
465.727535413739 478.878082292044 443.862696920886 541.610010175766 464.370840924708 541.174953291017 462.718024856842 498.749908234425 511.442711701183 510.135670774072 512.985005786575 515.548926272824 479.760810641603 517.426695271324 476.663898996335 472.716262390146 446.390085927174 437.800541663436 447.851342975205 411.205460291631 435.524109760134 440.718168254271 427.797866245689 444.850587672423 414.229502571428 437.289876620138 420.944781167028 451.193765669497 447.958754315608 437.045102467175 449.714731002561 460.21898405901 476.379560054408 420.990193528168 440.616026914613 421.283168149646 419.026569303763 419.200322804365 408.072563734188 415.390688306595 417.840861696724 444.872155811186 435.721862872936 438.176084106024 415.737982430072 440.652213633853 447.079246586578 455.235334427115 462.226353630243 449.502203784844
576.15888778866 366.019888366461 474.70378998584 471.246884817682 608.710458917186 472.784007690932 500.335916192847 464.675118601499 487.240014799727 505.745491120438 471.829575818906 530.329470838734 491.663907088417 478.936390164661 470.512411586276 468.8016915119 420.176187875593 410.614904249676 436.914804526097 412.107328682014 436.051780027155 422.861451213246 436.554497699334 419.411686454471 462.602425174456 450.947971100792 439.608769074962 454.267661168448 454.137288887263 452.7498672624 447.512503910490 441.592221073238 444.089356336851 412.721997045923 433.271560672048 410.77513533177 421.015067911004 429.002049971214 430.182670486402 433.529721890224 420.856811172287 419.415195062708 439.250655562292 449.187326801432 428.901192978562 443.601561815471 438.568347559732 443.211205918636 425.711461892082 456.586496356738
377.125084341552 479.358822158088 483.145710884847 1027.19254827006 545.538926118869 519.356203781238 524.207454345272 469.519071702741 481.572349899889 472.185562566074 452.646921514391 440.402867538572 453.908574832369 501.603372478854 463.356398581726 456.04549707607 414.426776478176 427.121431490602 434.700801852647 463.847937893467 449.170469240245 401.679874064882 435.004704276089 447.800285725350 426.672806175122 462.642698675498 427.432454810885 411.126983786744 452.351365565717 438.471014927154 425.956580004018 472.64001754307 437.491599649484 441.102744665922 431.625254542287 408.462779428938 402.945814744691 391.359649180007 418.601027742717 423.777590014044 411.721285517827 418.710099046266 403.470308122087 461.075634464542 493.551743667556 440.065838166355 417.868326455254 441.495630403290 440.890413154930 457.091461628004
719.793143618774 520.219741298748 488.610861488621 537.638968932564 550.360722176069 522.870641199391 498.116719240004 429.595906332481 471.975182998601 432.651918561611 458.495908276773 430.457114919423 416.862302587117 444.56720518468 436.772372847302 445.081677145247 434.816584699197 436.730265420878 452.990104152592 436.232108756743 443.565958122835 439.403948815879 427.793438966549 439.697108502199 450.956067703240 440.713370125195 445.398195355187 424.816918757308 421.799934038471 440.262610475278 414.706532232057 408.420369118703 378.711472560904 430.700442827345 423.462315615754 426.849700549043 413.156445692694 398.981734064691 434.517800593489 411.301273249210 433.448300270866 480.172586444012 422.559498021065 426.321375743413 403.179846442002 393.43063715822 393.261852218158 410.628717096819 410.549919104508 419.494891752386
649.88798965806 435.361990917565 1020.25927378804 573.727679209437 560.155219419079 516.302892389196 514.203391062118 480.294644230223 461.988318656515 463.758549179199 447.083205324613 423.600378765901 448.467146966327 400.152944027292 415.998139324001 438.373458344451 436.015984802224 432.352446899266 455.227781021174 414.467786586010 450.862121309369 463.262951826842 444.533333375306 460.432260577707 470.82095972440 461.594851427481 465.566383512062 421.890960028406 418.753701468141 426.698169788349 403.007280736011 405.952540370149 419.436910719240 394.792616022455 428.258027625785 419.819450224709 390.779775472899 399.663389728998 392.033001552044 415.426948194844 439.505581776942 424.726352862404 415.707962118371 425.247782015027 420.726742403608 404.136232571722 398.780627316301 409.760935235994 405.717731985435 404.048876606099
649.396398321963 565.311427001579 578.077015689835 607.521544931496 570.663371308682 537.441626770878 489.384970273024 477.216361269321 459.197187405404 455.384638907311 445.238211161987 425.020508318101 401.757541838051 416.122899270551 406.453381678997 418.014013181281 421.232782565797 451.343400983006 445.406213644240 447.606109601155 455.87578497601 448.256436501941 489.881888738347 507.414765286989 592.946308904525 519.627469348901 465.644202177458 414.909784323740 399.308731219513 419.213749639079 400.717066345164 407.264229951114 419.680292849591 395.503374642062 457.2449686397 438.66160746019 400.629411006660 394.084030112946 404.742522427859 395.252116174844 398.916518367693 383.777424747884 401.471646700837 406.295800069375 425.343126850988 414.167069641046 411.017283407851 411.488811750446 385.751995246485 428.312780907761
661.86613063071 541.324891745619 598.97115933507 734.140878150859 569.143065297005 582.20629015299 502.818039075428 461.44046155746 461.217006289768 481.364642296355 447.954559360258 509.010991585485 420.057518368893 407.982193531967 417.767841051401 417.121341807679 436.262281234965 410.820832276149 455.26723971223 443.062538827415 445.622460435835 495.889108199279 492.43119701503 822.218023422535 720.202011681835 489.222025770627 423.64060305251 406.749396604799 375.731855036024 405.065621259634 411.136748929013 407.670599590685 387.371897188816 411.782693984915 427.573343492021 437.009032530365 409.491757873601 392.968425803963 410.044607517699 380.851078256536 406.375044704097 409.043060573799 404.170684524597 406.463929870303 393.404764712276 439.20579925956 412.41038629272 421.629401800506 417.94193508012 427.099311027172
645.57492410207 1187.60227699958 635.410884200435 691.653714549081 593.273441719473 520.74017463683 486.154456326693 468.897814993986 444.939667422359 423.157322159051 432.623801014561 433.003349842344 433.158873019735 427.556274625224 419.799803527219 428.8330937892 438.425386142330 447.801444480624 456.921901887224 444.08660176561 474.218166674401 445.680918654044 482.939435970677 533.135801043905 510.572537144759 461.449275953171 409.542552186141 378.099762720503 380.671164687036 418.706477025844 399.588958989891 389.781007725569 404.227324294227 388.305150398645 403.275311549843 430.042500767644 397.37466919103 404.443331909453 401.613584589511 399.988598803899 396.921040638719 406.245749395172 387.044359095266 385.555583491993 399.661416634728 411.098755201285 433.078243732923 436.206682570504 442.692375747094 437.348638377623
485.498758726802 635.380815639923 625.368393942874 727.47230358166 561.380970264787 551.651822126176 496.390344702631 475.821274842527 448.085842209516 423.790340676042 406.718345279978 405.373618785798 399.754182712427 437.267799633643 436.687385171031 426.661275939277 429.770634401185 436.437611604839 439.421978841129 456.251702866128 490.03158162338 462.987032871829 406.779069079646 412.685146426725 415.993661348346 410.548802518529 347.734009927972 349.876382677666 357.556804910791 408.150019554558 376.31506265017 370.641119577665 329.420877723687 340.98473554393 423.434643484667 404.982898025723 412.981697237533 406.101332200364 393.907855036702 414.69835292035 399.320891503063 412.615317584121 413.444481554896 407.262573721304 414.797755736513 416.057378744721 421.096000257149 436.735049202905 435.647335453987 433.080078682173
659.369873365797 511.752227072608 570.984847991556 523.052202831179 577.914567521590 558.723482567614 537.23009128008 455.803077854751 441.73106567569 432.708105081227 434.542639068478 402.338769679279 402.272591434468 419.31517668536 425.129257184917 414.853463977262 432.292425255629 422.438069673578 454.504270151129 468.459734524214 455.129716397987 454.760332289691 364.346142163699 363.873617948137 363.343223395737 370.310185428819 355.275312545625 330.435813511921 320.792339156981 346.463122862768 345.001294876251 336.201710228145 384.679532048675 398.688293825737 408.835310462849 366.902570609596 350.516629876313 390.745146806358 402.962999644865 400.890561977903 406.670256560384 406.04133262739 397.844352321457 413.802196615399 421.224334033016 413.777791766228 421.600972562578 423.896386979116 427.599884905856 431.291323978178
490.478336620912 565.326001644581 640.996616573779 606.696665507926 592.22317198708 600.654524431081 489.984499364706 457.825764653717 424.804714352927 426.930937725981 414.120545696738 390.269775473538 376.295657479297 389.025117072275 410.605889618437 413.632444541612 479.817764564048 437.060781059642 448.692512199426 420.890634230818 367.883650492979 359.668505063780 330.13452523885 336.200619521763 347.252303914889 354.84837134857 344.982839211616 367.666771065302 370.545556971939 400.767589007836 376.748254674387 386.517643357258 384.624412274056 391.11902793772 392.884337406514 392.841631115277 401.591737929525 405.258987139768 391.376380854594 395.367017001121 410.100597237614 408.44406624736 425.430791825951 414.87904432024 411.655942308457 420.983693983276 433.733937128739 463.909037872036 460.047336397159 457.681774348686
503.094376996412 537.688503036983 619.376224286365 609.696559264836 616.667072949033 605.513645986121 518.04821484297 459.792657564268 444.328457630859 435.521746971463 394.005426698513 364.031198986963 390.174414178956 363.506375146985 413.777270591334 418.114883414814 453.787077963735 450.32364474618 402.109028142366 418.170312116272 344.190459350413 340.925043844181 341.263972168619 353.34515368184 351.417924870625 388.343643795525 365.771473489752 379.396256266179 384.671611797532 381.542415912467 379.915280359373 359.677071800328 386.24951845388 395.086283112427 381.495051025928 399.539084484074 344.795754513101 393.296148650651 402.697026717735 402.971005075061 410.701422644776 411.538178452752 404.978918933039 379.176562115794 409.445125946146 429.458958015383 433.961305764837 438.919609797468 441.970241020111 424.082114266619
406.866963239925 551.775358079227 602.975780938358 598.592145140993 669.738115670066 675.65687396755 589.768169778202 478.271894028271 467.171103720749 444.9852293491 398.090205484517 385.994370162366 395.017024316584 396.621241843941 384.510192026134 420.765857462524 419.593231686855 445.700845373517 436.953330940032 435.345759703207 340.919966512492 381.324665242608 391.76178773957 374.736324345425 360.281230377676 374.486519135401 363.774361345762 410.109707373139 396.865770837238 385.471185814194 383.852790674889 399.102306145989 382.650211271787 370.030789693955 363.003644325489 383.175902188665 382.499591055776 400.037114577106 410.240701984171 403.616714676478 412.119742988883 408.403438284189 411.740298193695 426.204672051118 462.929432217233 432.527116044612 416.758701087460 438.917641066049 446.75206108355 458.520604496009
519.076212535844 540.6386417301 553.835177549436 571.700511967393 654.388423748808 637.258229054136 645.261385908555 503.85781285619 480.730398969788 422.331746873046 404.719493430059 406.16134505243 382.448601849441 405.559891655934 408.136225987769 473.428288616445 439.881836114167 391.471883794618 410.893577899886 399.137174388455 412.523702890243 410.152569694685 391.131678269419 384.151035047976 380.78600040947 381.675226563342 363.194874953301 386.137004532144 373.967239423936 369.033115349124 370.863407233854 367.541298779930 377.132435949026 386.542223883201 396.685910149754 384.195797464815 406.459100821919 423.506265250312 407.351471742947 443.982763776495 415.925047877341 430.104368779689 417.992305377243 434.370357600965 435.421647940274 452.069701486864 425.521776670246 433.143431841099 495.385324526103 454.100799103045
576.28977524122 561.798195363554 568.744509792892 608.330382944243 595.75746322113 672.191131589082 568.723935342214 508.70674752472 481.788561585455 430.201886245577 460.970523957449 403.245019711153 397.238732767155 368.200732073424 386.344453255922 402.062068679629 385.144074897987 382.327749713907 409.727357260141 386.283972770847 384.716566034281 286.307308831366 391.490161864358 392.73884728995 387.866989783245 374.952463172608 365.916607690373 351.159404276275 394.265643909098 362.693306127125 379.310632513462 399.093217876775 368.161281357334 374.928287948985 409.474783881043 378.371151475313 368.934948941938 404.395651167813 446.509987523271 444.520985123790 417.098116722785 439.775103690474 418.009441157073 434.240878633509 440.308074882643 447.692834673529 456.997003695945 465.950039627873 509.77670873484 445.388066414811
538.731694956416 548.049616914076 547.675298277567 561.448847862861 546.688482642876 460.033277278031 427.620562012731 453.358254675711 467.417235108048 401.125624325588 434.22264995242 476.251637365112 381.495443587328 352.649529643425 377.722032205751 378.891002610432 378.736011028270 385.292531443523 368.435697199240 395.440512251576 396.717650754943 393.947115608488 409.99945672317 386.614137926380 397.335398194815 387.413077414742 372.409782154379 365.966023814488 370.671726571234 385.005149922919 363.406184929106 393.505504331364 355.325850582014 373.205362358762 397.88309163506 402.087388698891 400.111396237256 446.272702376347 420.41297397674 429.871689761928 448.494695933435 433.538800625277 429.724646779128 437.421806549762 438.492316756505 420.402228640095 440.340914400113 449.039828568037 452.547532694811 449.577730618583
499.788800744868 518.69710610928 538.010677215252 669.250472284205 530.889378624356 490.355865146403 457.246286635383 426.341007733083 425.158140273783 423.044632378997 446.790645253171 416.639828929375 395.78966073649 366.160940988115 376.026870292129 383.467378542784 369.39209206993 374.473918553197 372.164294175292 360.307384923803 373.492389012476 391.140763515424 399.098945443837 383.298485409082 408.907754916462 337.408311165018 385.767531552838 381.67737392141 385.70679722002 371.848763134068 375.511068361765 383.379167193401 420.946162875155 399.04209647116 369.421142288281 422.856621194938 398.336365834548 410.533314433643 427.841451587539 405.673400408402 426.580050168931 438.74720229136 422.062178183451 440.845306648269 435.566736764043 441.132002647139 426.048767058554 438.859111652428 468.782597431839 462.4524812757
547.635808512523 507.545639702867 486.354542314869 557.725687408264 446.207601732415 456.375962433757 429.459048248081 425.857637756584 396.423976275934 415.892613483521 432.521220994714 408.599619568964 360.482866085678 354.451008591561 373.223002198379 363.169231039586 370.647605354924 367.230272202011 388.551368424976 375.342916691543 403.883334779904 409.558287664315 389.368501309440 340.348570433598 380.362166732103 386.833490882344 396.293953442544 393.589245836618 358.291633529827 365.647258278278 386.731253519267 381.439560708036 403.653519258207 431.016747839947 456.552855457799 428.886850986478 421.745959904296 421.797870220224 438.192734319977 453.049711353045 436.470395228003 438.56616737136 445.201961824131 435.235761351524 435.256096344952 440.993561877258 453.782649549266 459.267700976114 454.439676984434 432.331569835797
