data/defaultdem.asc
NCOLS 350
NROWS 171
XLLCORNER 152620
YLLCORNER 418050
CELLSIZE 100
NODATA_VALUE -9999
[rows 66 to 87 of 171, columns 200 to 249 of 350]
555.039052207094 628.375514495106 651.289256938825 686.326607310639 665.431244030706 665.166864143323 663.950864340563 659.578876114482 653.197943297305 619.235569680307 620.233044785798 483.672572409873 612.743183272819 607.237485889526 536.105389865711 627.939166048742 573.108618462187 635.459283327516 617.653976906324 631.020628353928 651.541414388312 569.851323215084 440.584737283545 570.54524152275 644.749756529231 687.652738889487 592.05733718648 608.292668476975 647.315864020766 567.689374731412 537.151027621662 717.752245488953 627.088520547568 630.198749883124 516.481761660287 594.245692465465 707.855223267264 457.327997887542 642.316683411454 599.698790722747 618.996305388453 621.452777649659 539.55026521544 620.377894081342 599.752017249196 667.88236792813 634.911113952379 590.600093173053 672.283949830242 716.437007247204
600.760360121078 647.13656917343 638.71583062485 622.09199521389 564.97146875426 557.09303516198 587.577652751738 640.146363837166 560.606781481355 648.031006916706 643.312677411875 522.00236766275 567.363573157082 649.314126715706 529.191465452419 551.779860739453 419.982248351007 606.885946288819 644.570489804517 811.726271663744 676.00621408724 616.509281381042 612.431158387043 601.600695500344 537.888930378642 640.551786832826 606.243396505654 629.669014741678 610.73373752169 648.157638965114 558.918936234261 658.670718358586 657.212419463366 650.868782151658 753.103492222406 764.240772787051 660.037626536237 640.45745694125 646.328906409762 457.533820226672 602.631922775171 593.785438473354 587.666223982628 619.358637731215 812.186194370727 643.886312105691 670.356336288162 484.238649132847 679.959578642254 653.60585374924
607.94056162945 671.01188137849 725.674504895083 664.951643652916 636.922291707683 628.503551568159 584.658418367206 623.234728085649 654.74714646248 637.132246297592 590.72391761069 657.521952620088 663.457517993912 671.940961134159 597.878596399667 592.898153641028 568.504031402984 629.124785115546 654.88455853781 642.646885839909 648.525975180276 581.884969488981 596.074659421833 577.160941860262 616.530065492353 621.223185516306 638.641303905239 624.589585464094 598.363363855465 568.674520867712 686.978630214338 788.610893056746 657.953707724527 650.979975248353 655.145644410269 690.16390760914 769.049805003975 657.852429793727 634.397494774842 656.491162337232 620.6685551568 625.539054797423 645.921134143802 580.147072869446 606.097004977145 613.844982659912 664.612446886246 665.935000242879 631.368447050681 610.662989255728
644.893627722989 649.575518385582 813.405272069035 864.878137582587 636.2567746842 634.080286371942 486.132264734553 640.928305203484 669.122107752706 651.877714355604 655.901741937137 645.011463279138 649.129724187962 679.992050793291 688.958359099658 590.676848811525 590.530382494458 625.674651314291 640.351075733004 682.768602040497 683.163712207548 640.250863758273 632.234791309168 553.713537136734 593.831062176775 657.133436758439 618.876873481189 677.364779072412 600.360543581056 619.977063383161 608.660495694386 559.929788950281 613.14264235103 661.662825109333 718.766561224078 678.018644344427 657.912325769778 652.032554099476 475.370579461432 490.458268906895 637.107081524546 654.04345859807 299.407388058519 732.290587372545 550.508300455284 660.532226575582 509.648118870477 650.474359480971 649.953917306926 645.075681349786
636.372392193625 633.126887050825 617.565092438692 630.605990162858 575.784278465413 455.591464606376 648.29227404133 668.460099919467 661.393085076177 641.642062953693 575.024529479793 680.024269551392 567.240948034388 597.775198540394 443.484194064712 595.846438522413 356.886528589102 523.957209561342 658.506203572775 682.832219778014 708.815314444204 739.542889339444 567.023238628349 637.586536381786 654.244346980321 588.062513269068 590.088674940764 646.903319996106 561.924500456166 586.998081747103 595.676753296601 409.733846714118 636.682041184871 564.950188123802 720.388763218365 530.195208269667 776.571352379935 632.316532768769 613.426842159353 614.945156069566 631.599762447423 645.493897465433 643.099792089332 613.321970716532 614.843952094819 584.823014717584 630.547578581761 638.43776378584 639.564596600858 631.685399725528
571.367134193647 615.126859339427 643.99189620614 640.803148892151 504.605105974075 640.434361584035 493.036944052532 593.668512993955 651.929404745483 678.808693394329 588.157012798524 576.695305505549 657.443414736357 638.062579513488 631.188841305029 615.152317942289 631.599560368822 669.737476999358 693.229601468118 742.044187122191 711.580716540608 704.259103377853 633.510908992257 644.791100158778 642.790837762044 573.277219451511 646.443202093425 474.575758903874 609.003037536455 475.390821569875 642.6997792444 671.324549379567 566.386160803273 676.429028433553 590.400371151436 645.129073792687 651.08173072795 619.630292371052 636.226513595092 574.422234410708 609.211339732251 686.185118892227 615.608891382374 609.37185926526 608.868503168558 642.594462659731 512.811602135053 693.474050225197 736.162494812041 644.765465923993
596.381272997248 634.546684298517 636.553738436794 607.099654484015 558.772579151261 625.511227596857 603.527838350716 670.5443094724 667.947499231419 686.832313955737 597.18669712285 648.051086113977 651.201387634612 642.461150781873 693.359610445665 625.334826556321 641.410175929441 632.887872199548 793.454241734482 862.856444444806 803.269342751576 757.688167051254 619.386984741404 610.643598275061 631.088372522967 574.867423623372 371.368795851327 250.091246708401 422.893198199038 656.42301294387 622.858451345998 519.21234003556 592.23299455683 630.099842304766 528.406886371875 619.36333534873 626.22178583342 620.893787775362 608.961241994421 611.871418743435 606.399578444665 611.57699496989 615.869551319314 651.465392804693 628.370582221678 601.718429603705 654.335884338723 657.856473293505 644.421622201401 641.543993339141
568.299351762525 581.752529050294 593.739681640256 494.316116520428 611.163277462793 633.973479986867 553.053793528133 626.714180069773 673.904518653167 610.273297223877 590.953048002566 668.897417953114 641.566074288664 640.564314265778 575.854153871171 583.178156868843 642.855224769435 700.499829135008 625.764018261032 883.238190644879 751.851836443792 815.451486127476 456.600301582114 642.788712239777 578.941601053238 601.337367999432 610.140058387133 663.868419576239 656.628871100669 617.096898561065 561.351436133594 573.565888565876 801.757064831261 598.892081965542 358.601265977218 556.527367236435 616.978717537486 702.189346707914 976.684423619774 560.821641257406 603.254621890519 590.619086065569 652.849549423613 643.073045318598 595.504101350471 609.405535852669 480.508817928254 642.007366937164 509.07634832959 666.201776547275
554.560349941646 583.845432971403 663.622125651339 544.63668768988 636.049916202466 620.20155617684 634.583382511994 644.79433804825 725.957088286317 701.78637356019 631.851035629343 641.111958260929 657.294910066858 561.164768915884 643.317790687013 513.342079801611 653.545745616499 513.911804133107 716.32419032907 789.660102157294 832.80615619758 865.470503307776 1069.3179202218 711.65800455135 709.322083606314 730.573241808373 548.583965042454 599.996052285445 666.903677470561 612.601857743132 636.778232795476 831.311747129417 634.141378236294 623.951767796707 835.983597564166 594.216833326837 625.531952214408 563.019422293245 614.628357407125 582.823239345367 611.831312423213 679.502822166445 493.991422971045 662.03332076365 598.034347231739 626.958914055838 683.111536607933 512.998089093166 613.185658902827 533.777705868604
601.603456612746 629.556936689393 596.069142570256 633.398491508793 633.526220969439 609.691016437342 520.354062647148 657.70483017215 613.706330162053 639.509244777117 658.4586955265 624.302115714847 650.695823479941 685.131141365411 671.812277982216 627.00916887818 608.924461942135 654.992613672018 697.029169756328 609.335396031813 631.306776023671 759.228222493595 729.890265850123 612.322985853867 773.992526793251 855.944734189548 988.505884684497 749.713773617785 595.206778866322 643.676328921166 608.174922976299 804.462779980408 538.640618054626 635.596795032177 678.475407551725 642.060838030154 627.344398229696 593.423624657173 543.078341068825 648.764003178046 595.77976279794 623.770861109356 591.596200573913 562.039052207094 618.375514495106 617.289256938825 628.326607310639 637.431244030706 610.166864143323 620.950864340563
589.227874592714 616.949506312566 609.728298898008 562.803650167801 627.373659350948 605.328515070651 646.182679381529 664.250380916321 606.390004075071 714.95030170802 634.819119688486 631.206791528598 662.007152212432 680.487931625371 698.801708874868 639.569908858097 612.189571540998 711.46173994175 739.140987451133 674.793762579307 935.281824217038 844.752726373197 671.807583566961 725.88838659887 810.706833509216 757.339228802371 876.247786586736 836.806099818684 835.571303604516 559.216882637591 1016.44670642906 623.087206771211 622.230144314701 491.450070665663 596.014319860162 655.711656078314 653.455581806731 642.420877095695 666.93388506316 662.350791127627 631.207805660661 635.970161452616 630.085069452317 584.760360121078 626.13656917343 624.71583062485 613.09199521389 535.97146875426 532.09303516198 580.577652751738
580.148046510276 605.657037473103 585.840383817955 549.742969764311 624.896102417891 711.626628489303 654.845108635668 476.023843751698 659.178001386391 691.017502295273 602.088344221618 630.485136601883 611.558483695611 444.81961014206 573.863070349294 633.009925315478 636.546497301839 606.859177749215 876.948513545879 872.965002416012 741.369810174018 844.90966540576 688.105715550836 801.449326724466 681.203336034107 718.337655290818 734.611792720204 790.124030393824 1069.8423810944 863.290559620419 738.751824336246 751.902320570629 719.780910678384 725.924680072006 647.693666812775 675.853704441495 642.818255651506 652.204065491142 666.209102868698 657.618140388148 654.104823288127 582.106761345334 641.560362561726 615.94056162945 620.01188137849 689.674504895083 634.951643652916 614.922291707683 604.503551568159 623.658418367206
588.627829834525 797.702751107175 648.095568604167 627.232915566031 586.818198120194 466.743461454928 618.993353953453 609.28580054269 666.216561155185 725.300956858138 676.182659807709 654.698409686895 690.628186716396 645.03811514272 630.364783591275 639.772445507192 639.127084582666 629.108450781536 660.361143031524 660.243125570253 905.992426870901 872.21265459916 756.939705254031 716.323101437117 745.280357025629 723.936198916663 752.067764174883 1105.53333278172 1183.91314659047 1216.79156902948 754.173797102068 690.831585205589 758.545537409057 738.475963706829 658.771251386392 520.731343699177 560.045777505157 654.564662144396 664.365282951832 650.123960450454 707.734219909131 662.161890744637 628.41288809685 649.893627722989 632.575518385582 795.405272069035 887.878137582587 616.2567746842 626.080286371942 516.132264734553
708.296546734106 600.514561501273 613.010479464417 610.433186288974 657.224478185585 629.931321400854 578.210740637603 642.421401569168 634.074110909829 714.718809447839 655.958789154981 663.718567006175 627.59674288876 544.502571000691 665.841784269502 580.238364668873 647.250627498601 606.283516710031 635.26584306873 792.839641729292 677.342215178944 805.657355226905 816.158576940218 814.250097739918 763.723173768833 727.057441164698 698.894659112684 670.396895723158 1163.41539868957 1077.28297212824 1098.62733238956 927.031486879591 855.005106196633 777.038588792003 643.965369984036 602.438152501433 652.782188246051 657.646344945701 467.885187596654 634.328302202522 693.030021885477 641.697447983556 638.392751594136 629.372392193625 626.126887050825 637.565092438692 647.605990162858 577.784278465413 470.591464606376 635.29227404133
619.869969075621 463.649284892851 587.050032772757 547.005885719607 646.760452816249 613.025331883142 609.416550918731 649.481023505988 606.613044714481 685.734322693779 684.491858117304 666.196939641128 459.389865010959 643.911136555961 662.409587828639 681.069352948341 660.010752944271 698.373392980671 688.144214578305 648.679506579693 628.095633720426 635.821870536967 659.802922738453 699.335043381401 676.724065799892 716.720216896616 769.63209749142 738.321142183302 776.813647006587 1018.63814641289 958.720432625756 1238.80680154871 1078.97333717802 930.66594669733 1038.19819894022 681.162990421549 671.605369060447 661.907561816874 653.496633006726 617.255287109005 653.636846456165 552.767434198568 512.253801077756 599.367134193647 695.126859339427 635.99189620614 631.803148892151 527.605105974075 619.434361584035 462.036944052532
658.72674443557 631.336010476721 608.466585742719 637.12693110193 503.004261757735 588.854190201158 600.496449690574 649.343024775962 594.528685135816 680.516745008362 647.031422291149 743.477529763938 647.306510861681 530.55955045866 662.940751980049 648.848202651544 663.691596188992 656.11643483062 679.794516847267 661.271272218293 631.450297571099 610.159112647868 606.885562466658 613.00740587894 613.044363644297 680.118642145714 804.293660089542 783.687816461354 905.943759804309 787.57733894419 704.738706527654 838.90467234852 694.501615934548 1062.24754123827 977.341101395026 999.973894529833 685.192879289847 669.155913367659 695.953419321417 752.640757412284 671.848934733076 651.418886543652 617.166293434142 630.381272997248 714.546684298517 663.553738436794 600.099654484015 608.772579151261 620.511227596857 636.527838350716
580.346512213864 651.22205923925 621.792605723401 607.512637834334 607.706844146145 608.982682103555 602.229994849574 549.229147940896 642.107226748861 663.181309864215 645.584962718404 672.345112216226 640.630754770277 679.100948772897 657.824522454929 638.014154004012 596.56460321014 411.881543909926 645.921722262657 635.403668910349 645.231370407901 552.538029828815 676.170914268306 716.358400340712 666.94936612603 675.668162626548 728.966430629794 626.242683504187 818.333597920388 682.265128461184 812.22941262616 769.333351923255 814.201099041365 1276.26820176919 969.996538818768 1315.26302625246 765.991938196595 685.08182219814 699.109803822811 597.624039846025 590.029376955817 611.606944094583 723.990927361911 605.299351762525 567.752529050294 583.739681640256 499.316116520428 629.163277462793 612.973479986867 556.053793528133
652.54038877214 637.890009071305 669.988348269937 616.419547228332 597.553100708069 540.034304359991 584.190395198958 621.716236560624 444.709152493146 628.839384769755 659.89713522416 637.870107019864 690.386011245169 670.055113337704 625.571979202058 609.974179225491 602.174538526083 583.493520904555 648.539124423766 644.723753592535 651.871858676116 631.115476552855 675.911941520144 645.631560284628 658.553504016322 707.665657020952 634.096409219299 681.094814406075 867.436845916233 722.344657139287 674.651300497674 724.398732120981 906.143925453965 1251.86074291165 1007.42973420265 1008.197565758 1010.96967084794 883.111720884711 735.387062943204 621.903001950309 660.397692594367 679.128340743064 726.488315828577 700.560349941646 695.845432971403 679.622125651339 583.63668768988 634.049916202466 641.20155617684 641.583382511994
637.644336735602 542.653281596685 663.097708790097 710.838100369911 517.770236727692 835.986194491529 593.760949369536 646.595264007881 616.206353179177 647.642484328671 639.470968191093 404.068045938045 670.83185827409 638.30086667795 516.057503789315 464.99115577623 667.41219723816 652.471067676197 676.457785235809 661.596837223303 642.169155352277 647.496529443764 643.653702159277 629.16167786416 680.762172661166 660.800208729228 624.782229445665 632.984379986345 687.117961747314 719.143370643723 568.827684605987 741.647516050745 901.668958319248 858.634449289442 1005.23834037511 1029.81449939482 863.750542290383 834.546696836347 725.554987541297 702.238431193354 796.806089484731 745.886918488453 798.225585735907 766.603456612746 906.556936689393 985.069142570256 1116.39849150879 975.526220969439 659.691016437342 566.354062647148
679.400902014042 648.614978454579 675.756196542852 665.239563941589 604.537540691898 617.244825893856 617.154325929458 467.030530322067 469.989319429387 670.926273722473 636.445581855764 680.778646208739 661.860762942981 640.52294555243 661.950884771466 622.907637328852 632.782880289662 545.972176052104 626.687994969997 640.261249667588 608.295772584801 637.766377699095 667.518484981945 681.928630857212 635.57097237152 685.075567824862 471.808523830096 679.817468715896 654.834120755889 521.292713689039 700.238817262007 717.900029450705 852.666728503423 760.33832294349 586.820204186682 706.284137031684 691.650980087514 823.319815094065 706.432982450962 756.34506995369 705.076028456 658.604972525914 650.329302927804 699.227874592714 819.949506312566 821.728298898008 871.803650167801 1014.37365935095 1040.32851507065 656.182679381529
627.025531991364 676.188779021572 687.753492074342 654.917381603623 619.762989393155 636.969414579023 479.117883890708 622.92663324379 614.535237859673 650.867993806523 605.894550054555 565.48307843341 637.073931979759 655.961843725021 654.222040277011 672.637699914154 349.613331002016 654.136069338983 613.446671770046 719.377427126753 613.723873977886 648.454275691933 647.525737185838 656.175312705803 635.684329518892 654.110707888478 623.18578838468 733.421331394009 644.709753861646 645.575312048378 661.528757304191 652.294410083608 531.708522509827 600.474325158331 700.897046677182 859.496091588895 657.53989230881 750.539549422453 724.07077603331 814.906759498838 773.689225536578 757.455050079418 658.087721408075 749.148046510276 764.657037473103 855.840383817955 815.742969764311 980.896102417891 1041.6266284893 700.845108635668
676.803397762219 649.135222019611 683.276523650013 642.079214826492 645.402879260782 644.145205316678 626.264180606538 638.234251109976 610.417041293489 681.135837579539 637.30347586374 642.482666521941 673.150949640498 682.905826143638 676.134697781205 663.043093487 700.798104306291 693.649297748237 596.291656216686 613.049254356837 640.176781895667 639.085716706485 679.15639448845 634.69633258423 629.999306827076 641.981774431344 624.74118425685 497.254072781441 1149.70480337794 659.568689958983 650.98591904263 640.747882853902 613.631821427767 638.483329979831 476.289485616489 704.171199508539 622.160120197299 709.810981475403 713.984352077965 699.555154569365 706.667574971034 584.100847283019 744.428788176259 756.627829834525 927.702751107175 876.095568604167 947.232915566031 1066.81819812019 831.743461454928 910.993353953453
