data/defaultdem.asc
NCOLS 350
NROWS 171
XLLCORNER 152620
YLLCORNER 418050
CELLSIZE 100
NODATA_VALUE -9999
[rows 22 to 43 of 171, columns 200 to 249 of 350]
705.860062900643 692.307287836644 696.882465490239 683.13328575398 683.461295095159 669.148561687793 684.262529806206 690.747965400338 687.40015306412 673.674783064767 673.909220133054 698.244108196983 691.283146030051 676.851521245031 682.759361818296 686.910019631478 686.030212850303 679.893944925887 672.161040811519 670.854050556739 708.574865155971 690.704751727208 687.484474553008 683.247534655544 692.064960823382 695.677937070571 732.083009623306 696.025797648715 712.408015349707 761.327543556071 728.665604579545 713.17618745611 724.67227420454 746.066154357642 751.480616090103 755.32976319804 761.089097609067 752.89867829207 758.372232388565 792.376872655816 773.582043593073 772.004341571605 784.755032542087 860.817901225263 835.188460259892 1411.96231827063 801.177515961053 819.116425963552 852.622486190423 862.821807829533
682.201402995861 683.063267297118 686.173473967302 686.810430168454 684.573860172598 676.232494710437 662.004325614933 670.583428738309 681.909066416623 667.729849063408 670.910698000045 662.157302112624 734.968018942466 661.36188412894 695.201814854678 707.83739604987 691.385933329705 666.615631689506 659.123366994621 659.543604266295 707.072117535875 692.956379934951 695.96844205812 694.21410014836 693.37098955914 727.494037731234 748.806923976417 708.090762981131 700.90475088398 734.970941027271 776.088989943964 744.715901875149 730.512030181882 750.277689781918 756.219238852727 749.16331406919 741.351824114115 754.217235152831 761.023587853906 775.265813044535 824.870972295285 802.001619981716 809.270053184837 835.572211715585 872.860125158366 890.068360096374 945.221298256506 1007.92262607106 778.684409802916 1327.44614411345
660.114516105582 694.047068892056 705.724553126233 760.292084731447 705.148688475622 698.236001995361 679.651561408655 674.458212044484 671.486514689264 681.484133498771 693.25294124202 646.549685416583 646.119818345377 689.047890051691 632.494317060464 648.470410900146 701.380962548112 664.22363414887 648.956077669793 677.988670121333 697.70182146797 696.671497866535 686.415977125346 687.65927993299 697.335674336927 722.458890879156 744.041778353833 964.563681555002 686.912933446012 682.771258450102 725.996329880735 742.103029591957 732.763750220473 744.215342553085 733.24313226713 740.756228468223 739.992979358742 766.136093878289 762.798905343032 788.514500767381 809.46445885371 833.562159269412 839.4028428156 848.391454164046 868.272561765866 847.607830706472 919.423611272965 878.715433697831 851.698995864094 699.796309537512
651.242666967252 668.77245477434 662.068768155267 653.567605810358 671.560692175615 647.045854925525 660.795605321376 667.052280808197 661.586325224029 727.5603382433 693.67418165468 616.378513213494 643.662975029682 603.330879747228 535.522198280393 547.567320319028 729.612650200092 665.947838058712 643.9903572587 670.225818615818 688.017142287942 684.573713098486 684.024448140563 687.290163692135 689.39768938692 731.644541424899 781.885273684699 763.397577869014 698.938841945642 732.112705513387 731.670158662543 719.522718288766 694.821086140114 735.765599626857 723.904364980413 736.540748722209 747.634974461684 711.726097999496 770.509314834805 776.239862205995 767.809945254008 819.711196561657 834.722942057113 816.798413821472 851.934248969143 916.31205465104 890.296742827223 898.383845847362 851.837654719906 831.149792832083
646.725400227535 637.03734169523 642.444839133932 641.056044206544 626.11621182789 640.59226552607 633.591626301807 649.755767391131 628.076099774842 638.108605635813 584.246943563622 578.568782131342 594.751223380805 636.131708098863 538.066486357113 634.512426626586 630.62284032988 560.820400610418 544.090959736198 567.450045472923 711.992108214632 685.67125945975 672.278614990402 683.983509463447 694.186225282976 776.085711638706 750.80085761381 716.509157726052 714.674163215226 721.534936389131 705.596872594796 722.079968756874 715.817365891776 723.752236905385 735.113876193806 742.832279317121 750.342621124094 740.820888266044 768.998052768838 764.715550998344 772.304147943585 791.053834723798 820.747418378475 821.694371110755 848.975042715669 856.012101678189 857.528194103473 912.698011590116 873.786247734717 854.233737936007
613.234079014606 624.749745613152 602.09907477854 605.713433291548 602.970454889804 604.421141736951 626.41060196408 634.370764353957 637.093033624281 624.001453131321 628.474067053652 627.671359157972 659.143886541049 531.426656242941 531.524810301927 530.833789040022 627.443041786078 561.832041023848 535.019439963655 585.017889346453 686.210850091748 673.09544850071 689.470006347339 681.059559205744 712.406407910626 703.201994082865 727.490189786415 678.728148451296 706.588208297214 707.773913751373 717.584807117995 711.339876457591 707.656404715295 721.45381591721 755.38038021632 740.405668520056 777.054499123804 745.281345754504 755.402436144923 761.49100659801 771.716015118191 805.153953236424 843.059891822589 827.333731116861 826.248226403396 858.030572056932 876.087882577327 854.697570643794 832.7668272444 838.698289348937
602.117460715424 595.996908291217 610.298836359884 596.382162998037 591.630994595838 595.352162916221 620.756144013657 613.129079425974 607.096861557493 617.060398889676 613.396982224203 612.98437844632 674.684289945896 572.375557577205 572.138751657057 532.14572898229 625.813699503741 561.438823569159 562.617072391042 564.454853504772 663.930108789751 669.017982023771 663.176737754736 669.160720520916 684.254237151587 676.848453468592 681.181988862451 694.086804007532 703.58920210523 736.620757294407 695.162482496506 694.080164705206 689.213083504693 710.821829118114 716.050610179584 672.974636052365 729.950721838227 748.278273068112 729.37922945659 758.338451903918 757.907725235381 815.945950128721 787.228019318924 815.886050601837 828.336313374845 801.592896900658 859.777467607016 839.271255048786 782.0042087849 816.673852172634
589.511327266647 579.05844718263 588.742553663035 586.995001870372 587.176602361496 590.283898078471 605.439769721593 611.162922095271 590.101089601049 612.877180267888 610.189639852738 678.284922805841 647.716247598688 546.728612327053 547.342675697122 488.694697741772 486.512620522637 531.984588866439 531.930117967194 536.663044033349 633.18114190036 660.066483085955 642.699819984457 687.993880511801 678.680350346698 691.171861712494 694.254897098933 688.699657066086 705.351155490695 690.755559240489 697.159787188572 688.699741818115 687.611150907308 703.566635832983 710.277752042954 747.24861400613 720.408023991109 715.480005814262 736.058924565563 738.049881421442 757.363456219718 785.320447012652 788.325014279136 748.26313356312 767.635540688997 821.467505151793 833.96148484017 833.089093903388 845.11735097307 797.546832765186
599.388146449155 569.289659965248 592.252444395595 600.944813288767 589.85765135036 590.766357620728 564.941205497056 605.5130531946 603.292652443814 604.140114411453 603.348764782621 594.952356340227 633.734933148747 530.786198869787 477.502236833368 473.213695854534 481.093612416053 540.483034446464 543.84358596266 544.847457626766 650.158582411749 636.610361517976 653.323175239585 662.447691624306 676.778601492383 690.28789078901 693.735877943715 684.351222433091 695.593027588806 687.037090249831 676.418335724497 681.935973813478 701.112966493496 702.208847301123 696.53564011479 708.781430370159 667.696572833122 733.397400217437 727.81375284348 739.783582338518 754.948509462715 771.925774731495 785.267218833884 761.824209172818 757.212285385527 764.37757590143 776.718034060983 808.090606053427 889.996783840696 808.439583314878
594.847385349698 570.627730699013 537.351131794935 592.607052100876 599.960353470967 593.537650062637 582.508073216485 599.482283882005 607.286628791196 602.471963476315 592.160967272428 590.819535881438 608.696601982618 584.767447407596 475.615991060825 468.898303923516 556.01758202387 567.405642860706 513.398843840274 519.196164617008 623.126616963257 625.194855143109 639.717342322453 668.024039100736 664.622968997606 679.19918881859 686.334329009275 677.621134260987 667.833612828576 672.389387331073 676.097105200924 696.528347849418 659.903057101476 717.485410852706 707.852317018422 706.692797026647 706.459420880463 718.508284069624 720.352789758392 738.242414114993 706.70062819726 734.247027458588 728.548662157998 743.049765418067 738.445764768546 770.540485573757 797.150939426567 827.696896452544 841.443502143327 828.49345735341
570.423635142592 574.870523023517 565.828999796402 598.096133193137 600.382891022125 600.387513530384 596.589330639423 592.472092694775 604.083377839303 580.790121232001 592.049326643177 631.626578078728 614.144894854104 600.436472126577 488.667882662483 479.577951382462 498.123745950385 557.5681487773 566.818417835033 529.953133586057 637.317454377906 637.023513566071 652.821651026962 667.241441757499 673.084161942825 666.667040966232 670.086109337027 678.463063047626 678.604349465009 683.553397075995 690.862530802286 707.079244140923 657.720004253908 689.623743790953 691.175284923501 688.952908937075 699.290156743508 728.544521811655 746.47542806972 736.831217614275 731.01926792087 730.43844231166 720.768645157264 748.623515824742 736.412451195374 774.604440671892 763.14737427188 813.705633279414 764.203587183073 769.677216295475
576.241637582791 569.478489887164 582.334386560099 572.333658030395 595.13790090532 591.946060058524 590.297477302209 600.677413397091 592.240114769281 588.832678470164 605.181619546452 588.191739062472 601.396964005472 674.14894404872 562.383296016066 540.18935109626 470.575000879207 527.935482690805 657.154579374196 633.543325544535 628.596805999077 636.58567139476 653.549894244804 660.328453923918 671.418272606786 669.968351375407 673.327000897443 672.56071649793 687.451935760189 656.122704965112 692.639387098074 695.048619940631 702.784344327055 710.952776207646 672.040656658425 697.629807881251 698.640988618222 718.60414316631 710.984604454211 758.883279199929 736.33294802869 719.995357822528 752.331911598716 715.002908282091 756.521779316256 781.082247269537 756.906801043367 816.16207407289 815.568805498874 859.563257833797
561.542921113921 569.51333754011 577.055739144873 594.254486067867 581.90692098464 569.567176022529 669.101422538148 670.768659309462 588.267984240285 594.224364499791 605.189323619932 561.946825710974 723.294923607537 703.890747912172 601.661985021512 438.651338512848 395.605019937139 549.409936887049 605.573852546678 621.826126882761 630.499711009847 639.237822538691 672.103409279233 654.918241446975 659.719272949079 677.569799180922 670.224750433314 683.831343140263 666.753641710712 679.474395247416 690.370083774483 703.149535787073 687.880900350733 691.0947074638 704.271203388113 703.911754212352 697.215906695417 708.4227407686 735.5221030055 726.691279094851 719.344847351079 744.910845320601 729.937558395058 751.539329899597 758.947738663954 781.741948976684 730.511137799005 796.05557353922 786.0291872245 780.401292505103
546.536077972039 560.572832037163 565.634275876404 600.55697377311 575.614845680156 580.964181500341 584.898242260388 550.290758940226 591.189547457127 596.618444123048 677.311889354124 675.463375371056 709.14311054872 661.171826818765 593.730257254734 434.833656041266 461.680368178788 557.429362938973 594.608261046419 612.657052020073 677.89097277252 672.849786255298 638.617203344116 634.416047487112 644.950912041754 652.543156540242 677.316656790965 662.57827846205 675.926142596537 682.581854340965 728.077270194873 691.4143651566 677.979043703519 680.909162867427 714.786470614468 699.93675114679 706.703918646722 723.145973670215 731.620136439134 711.97307103569 713.79673395428 731.359385414056 742.42377829539 741.989712336394 763.584644495108 755.052017189218 767.528384022456 737.755703113419 779.816864471798 781.427140638702
540.373883331082 559.635527265704 588.90690483425 592.314722089001 589.423679890774 591.390932940066 600.172437719099 580.598189739954 596.65585588656 577.339284787878 596.133701825298 1184.00797993544 581.459236097834 600.790279095887 688.264329699181 626.862171837671 585.24321719929 565.503547442449 559.974091577484 597.082211110673 633.446788159231 610.39621334096 652.923784843085 630.752988853176 624.20324021401 649.732711952049 668.20920647901 657.699187768546 648.549669090267 662.31963833116 690.317758699873 678.757068010625 687.529503809631 695.867331548715 709.079041793154 676.337931655494 703.246800549014 730.894972485355 712.613265042063 730.117231502606 737.549767091539 746.001885799234 737.772181676983 735.352466428266 737.092159258904 724.25609497398 741.631236027287 747.95465630873 752.451874250505 772.341074281074
555.848963056804 574.027899011645 620.586575941322 558.231277893008 581.022787282129 573.137356418556 622.013127887604 578.679226117051 598.97468375413 583.914358712279 571.945278383826 1036.98489754373 708.666494513411 723.676754312397 589.1962365452 611.750705018101 608.776784518043 625.711720414957 657.297522370922 577.345206866007 630.244944916487 630.28214049462 624.540146387583 616.163038901845 638.741232986482 635.612624214713 640.393057784899 653.435468847589 677.809804257945 681.96952170739 667.274606080527 703.682286681729 683.02280526641 669.089272679541 706.731733855332 642.469323473638 711.969360774769 664.050063206361 721.516358537142 729.047793383158 747.203051196139 731.736968748213 727.033216119754 728.85605918327 820.017042165596 739.408636245194 742.413515862892 746.246699471215 742.363194262087 748.856158153479
636.214925183569 569.042274577468 568.067739128121 571.415584724335 571.753857657669 606.89069260559 585.256551723839 577.153432359875 579.440972094464 585.45648953324 564.153937617597 541.864634619268 493.138974998569 552.26936588721 599.222359699205 606.283971034612 598.203956657277 591.691962606306 605.709873062201 609.175159659495 610.388807225021 677.281609742347 728.426858164157 644.026488240865 619.543466020464 642.184688531141 654.829097800936 658.849363954041 671.893859301391 668.411423341554 669.837918198763 676.261459029547 678.717143171265 674.488623505616 698.960070650581 706.268501520157 680.526009281577 693.855381328947 696.936711200256 699.69598994006 717.879392901816 722.997558451189 738.24992200573 719.857317174608 703.041638399888 718.717240140668 736.001617073234 742.272695932566 742.58941781601 737.681592694379
575.812059158714 567.044184720466 569.566389265777 541.925488037803 587.675744374776 585.692715049285 548.075744654104 591.955541108699 603.648562355696 586.655748701304 580.218988733381 581.415861924595 569.788509860412 594.003606711781 584.233029371672 627.818264712354 606.158664352168 617.630358499025 612.414904481786 627.001367740331 634.745930557542 645.728679549358 634.69712499927 628.252709462322 641.759834985212 733.739842101042 618.007287951366 659.615243800852 660.475542553418 669.990726200802 691.266441719535 675.017596010109 684.951750276252 653.33703822721 634.618579964674 684.673596981199 664.631870042487 691.56089669899 703.440927573309 717.423320361221 712.937536102321 728.48088913468 718.664690725961 692.460416786459 708.454599816302 722.839980723627 711.025044983514 778.894967049047 736.01548100725 728.507377047392
585.56555380277 571.000434372857 583.258309347686 574.682898758928 577.826451700863 586.254791814124 580.437954313224 587.544869687374 584.823145435399 587.587154333183 591.323688473378 593.728358453677 598.05039743031 616.484088373317 610.970720493862 599.457579358319 605.746560730624 606.996826044974 616.34330837924 633.819570872663 599.884890435373 624.238922085665 649.028350913466 635.142882140802 633.763316619937 662.32629130021 635.70835571851 710.43054328971 659.622653015923 666.197609436296 670.648502870002 674.077325021498 635.857648834899 630.651491715579 647.355347663181 711.272203130562 661.270458364735 681.511852471809 703.409468237261 686.64482021133 712.373653488355 712.249595641187 712.929125396967 697.891732765235 748.455317001963 712.166961133881 706.047805438358 708.945497018889 711.177750883582 717.143305912213
573.577615581924 574.952267687946 590.17060112056 591.970359110607 584.779706046259 579.296297540007 585.62643449797 584.046965699786 584.446510896204 592.102828709166 590.714388724377 617.13245403558 588.345080467459 598.855187276123 605.817538079772 608.509847953728 605.361519097302 571.654332922358 613.611605031508 618.318325765432 638.93452749103 620.118980504188 624.504359544834 623.240646363077 634.004502100717 630.821808762159 633.768885112131 640.176294757042 654.951464937332 634.993133051566 665.615076206416 671.697175814343 636.610493701079 620.357177699495 771.05865531511 645.621820801195 654.31408824923 671.405011770889 671.85030114679 704.77566175489 703.95285260365 749.401594304851 723.312029231852 705.693368742746 707.509962274918 695.967160887722 672.404204651311 706.02637137525 701.203594594429 708.559053468852
566.140751373869 578.501923906689 556.460515416687 583.020576952534 590.290299171214 595.571600342709 583.016682565114 585.580497277007 577.997662472647 586.948407766529 575.532295429821 561.46357650737 574.528495731019 632.372704986375 571.25636363685 630.825291017765 590.624248420292 608.878842959499 589.754402080589 592.077838532573 592.675152259329 604.124131087714 620.541681451788 605.50623849466 629.027806255552 620.613110805313 641.675475421842 641.629027773741 658.041748317107 648.03102884492 693.950019481123 651.750543048713 623.81399267539 637.412711321652 659.50360826801 662.725660681582 648.915527731253 667.115629561574 684.576763661944 670.911509606058 692.311203166818 691.911657273447 695.115888460418 688.675332241854 693.37759073893 683.131788185221 696.619085301388 671.446421736398 708.745900769951 708.105449386845
568.078788426144 607.3987334975 597.477142714041 554.369700271786 574.035876502311 587.648118933237 594.558019771437 561.145077733203 583.226408789206 577.479403593111 627.29259892323 582.406490048899 571.993261431944 597.327246900452 586.50152546338 557.494401747804 597.115689743005 609.688704832089 578.410180232942 584.031480703307 591.853572496019 613.931699379098 607.679384659771 640.642425379152 619.41059951956 620.390126569207 639.870096197428 637.748519624046 655.528967062178 651.475342635509 662.09136291112 656.907205142542 719.133010498927 700.792690968628 656.602178717008 677.619815908997 671.914286866081 660.858738644278 661.945276844527 680.447266296931 671.169634749503 686.470195657164 685.02979842248 679.643390319812 688.849046434067 704.964576056348 682.645666935894 684.567216428614 697.932662332974 693.292577260906
