data/defaultdem.asc
NCOLS 350
NROWS 171
XLLCORNER 152620
YLLCORNER 418050
CELLSIZE 100
NODATA_VALUE -9999
[rows 110 to 131 of 171, columns 300 to 349 of 350]
761.895019528732 800.040861080121 885.051721096881 718.525972430352 787.743310081304 1034.46013460077 828.873172148148 1082.39894278876 989.972058601311 792.209529719833 917.90673126668 826.468938364297 1792.14970579024 999.52484085927 877.024597961726 876.907892988832 1514.63553525621 845.870511458658 1149.91553802643 -9999 -9999 -9999 -9999 -9999 -9999 -9999 -9999 -9999 -9999 -9999 -9999 -9999 -9999 -9999 -9999 -9999 -9999 -9999 -9999 -9999 -9999 -9999 -9999 -9999 -9999 -9999 -9999 -9999 -9999 -9999
865.993372402874 675.738502413671 585.528140493174 784.026488741038 745.042789010441 547.168652597549 1189.01732765045 1467.94588190074 801.617462945152 804.109788662679 1454.00914975797 659.705907795927 1092.32673464421 815.114491134243 894.545047532181 862.170174344895 1003.08767718823 1234.60359765581 1037.55717301767 -9999 -9999 -9999 -9999 -9999 -9999 -9999 -9999 -9999 -9999 -9999 -9999 -9999 -9999 -9999 -9999 -9999 -9999 -9999 -9999 -9999 -9999 -9999 -9999 -9999 -9999 -9999 -9999 -9999 -9999 -9999
871.574719407863 872.101601156721 1027.82666616567 797.477400499006 816.415100842299 826.571695094696 692.860129313146 1010.89363435431 785.537302560524 1733.04074484545 1126.12672942276 788.191343435632 836.210584735291 958.47662889388 871.506571422562 1448.8862819454 922.413119941276 1169.19871177346 1899.11602992052 1027.07947599767 -9999 -9999 -9999 -9999 -9999 -9999 -9999 -9999 -9999 -9999 -9999 -9999 -9999 -9999 -9999 -9999 -9999 -9999 -9999 -9999 -9999 -9999 -9999 -9999 -9999 -9999 -9999 -9999 -9999 -9999
885.918718674084 872.102997509609 829.701955707502 823.528419596436 919.340249862092 738.285625631189 834.668973585082 891.041132794051 891.339514318864 2373.14041969786 869.817189527299 869.456982852075 894.700141167935 1280.33119411117 1375.14234466912 1172.92515444305 1100.46612949818 873.827850628709 1138.59951374411 1465.59510427121 1268.5483451103 -9999 -9999 -9999 -9999 -9999 -9999 -9999 -9999 -9999 -9999 -9999 -9999 -9999 -9999 -9999 -9999 -9999 -9999 -9999 -9999 -9999 -9999 -9999 -9999 -9999 -9999 -9999 -9999 -9999
820.970642200262 845.540007709256 892.345142550804 785.124160560596 659.10596789173 824.834965495077 796.235937247127 810.32327403936 854.278849691298 1372.02499687028 963.282097588009 1241.04562989185 995.012071618582 1046.24023473337 916.095613343459 981.609342174383 679.380836120377 890.061259637346 1081.57428076635 1014.28198856425 1001.25259752654 -9999 -9999 -9999 -9999 -9999 -9999 -9999 -9999 -9999 -9999 -9999 -9999 -9999 -9999 -9999 -9999 -9999 -9999 -9999 -9999 -9999 -9999 -9999 -9999 -9999 -9999 -9999 -9999 -9999
885.211228216416 826.362854059585 824.033227493872 878.013819942698 990.13654616893 801.287167694129 774.105106554518 929.141206031858 747.406688309919 1172.36948454201 1442.83930405531 880.955688275405 878.796575012146 1328.90400380498 879.269865911087 833.609302378073 1188.7020323338 971.541750922735 823.050892357576 684.032225327844 803.836587244228 683.873528554033 -9999 -9999 -9999 -9999 -9999 -9999 -9999 -9999 -9999 -9999 -9999 -9999 -9999 -9999 -9999 -9999 -9999 -9999 -9999 -9999 -9999 -9999 -9999 -9999 -9999 -9999 -9999 -9999
785.556686009831 726.563216876484 918.768068432879 966.780129241652 757.492059624778 664.101626700574 1229.17625102018 782.701669141053 794.292712168256 1353.16034600898 1259.90783010442 1532.93909644263 1011.82619073612 953.178167107148 890.599828444317 882.991510968496 1438.34465703261 1241.69567186963 869.786218716815 824.01712453102 629.026135856829 807.041415180297 1035.58938683138 -9999 -9999 -9999 -9999 -9999 -9999 -9999 -9999 -9999 -9999 -9999 -9999 -9999 -9999 -9999 -9999 -9999 -9999 -9999 -9999 -9999 -9999 -9999 -9999 -9999 -9999 -9999
723.950820860314 649.964924493105 831.925984087801 899.62033336033 1335.65764512147 1319.62721804145 720.070985576225 715.214317408863 783.651663469588 845.290692274614 1018.69202835528 939.698401059429 1460.73426071685 1288.97502443738 1020.86931371991 1033.78589309347 1063.09295305972 869.842162244863 808.252991630978 889.101318271748 910.250576156921 897.814659532846 923.550401404157 -9999 -9999 -9999 -9999 -9999 -9999 -9999 -9999 -9999 -9999 -9999 -9999 -9999 -9999 -9999 -9999 -9999 -9999 -9999 -9999 -9999 -9999 -9999 -9999 -9999 -9999 -9999
509.337243206819 714.778302970608 761.916772791993 920.930973109455 989.261525948938 829.6521654815 801.758042678414 966.537978593209 885.644580868951 763.480681233385 863.470275359952 673.437836658328 876.586562805657 903.029196563279 985.129803781496 1063.68902022099 765.869731835113 870.271135446268 880.411407201458 815.240152257766 825.50655217334 821.613659324541 919.967402650382 973.387915894852 -9999 -9999 -9999 -9999 -9999 -9999 -9999 -9999 -9999 -9999 -9999 -9999 -9999 -9999 -9999 -9999 -9999 -9999 -9999 -9999 -9999 -9999 -9999 -9999 -9999 -9999
893.955211422737 814.421353284678 645.874121963145 756.778622894273 978.420337913121 831.069027546722 779.863083890629 787.658861797755 739.293343547472 786.442423753586 906.228484069594 871.153356189353 884.666143704117 1094.45632861854 1246.42640675063 856.51843657418 851.799818834838 819.265511336465 904.682680567684 762.234049048152 832.076660075476 896.067214680112 879.312245834188 951.407973961815 1068.4903676834 -9999 -9999 -9999 -9999 -9999 -9999 -9999 -9999 -9999 -9999 -9999 -9999 -9999 -9999 -9999 -9999 -9999 -9999 -9999 -9999 -9999 -9999 -9999 -9999 -9999
1243.93170571749 1751.09651135794 765.745427140858 1134.48967705797 1296.33893765633 1002.6079682214 828.526460423441 805.897963337989 780.65367238539 1393.61618320479 803.319967467046 806.331550515842 837.724112174025 944.727268999678 941.798862472255 1481.34088351617 803.530421460141 815.8564949563 871.148593935393 856.22768414593 867.666732545773 690.754137377038 924.827093766721 876.908269032667 854.291478137262 896.66993302118 -9999 -9999 -9999 -9999 -9999 -9999 -9999 -9999 -9999 -9999 -9999 -9999 -9999 -9999 -9999 -9999 -9999 -9999 -9999 -9999 -9999 -9999 -9999 -9999
999.751917182989 884.640248807111 1263.12863426624 906.319803734492 1296.37260139964 1625.0484084598 1159.90976682841 925.575799456974 896.354770498156 923.3538729944 848.021108404085 778.004185608001 828.917547411593 800.489081938208 1072.1675973059 875.387547004104 850.230023411124 845.46744287778 826.104577880959 852.928488176998 625.712954685046 837.799601405998 882.079423222386 797.137538658698 887.474998019911 918.675426539014 -9999 -9999 -9999 -9999 -9999 -9999 -9999 -9999 -9999 -9999 -9999 -9999 -9999 -9999 -9999 -9999 -9999 -9999 -9999 -9999 -9999 -9999 -9999 -9999
1047.46307816894 908.970086265085 1148.40858890024 942.795802638963 826.164664586155 1439.27831022916 1481.16707147385 1133.66310198063 1092.49316433025 1261.20594072373 1051.4217409722 853.666644025777 841.7020271581 842.034799797075 875.224556541308 784.030175302165 771.1580285566 784.375057638665 779.275223687746 857.940183751146 845.019231097378 832.101035500987 825.627555349999 817.287041075766 853.096683295754 860.310793799889 807.41864703376 -9999 -9999 -9999 -9999 -9999 -9999 -9999 -9999 -9999 -9999 -9999 -9999 -9999 -9999 -9999 -9999 -9999 -9999 -9999 -9999 -9999 -9999 -9999
1162.6895487176 943.053534733721 885.49284240374 935.082763548873 645.00572871532 1413.42585409754 1497.43498089546 1138.86074678746 1065.02685981051 1072.3467099903 827.284252782412 811.26948382538 727.590127317399 823.419485671874 851.9224159478 880.65412053582 808.202391004478 770.363212074172 786.62474038075 849.596147635331 786.427213582195 817.17067199042 803.525293346249 812.671663273595 982.668697543864 837.018899586994 734.553027348119 899.695374639589 -9999 -9999 -9999 -9999 -9999 -9999 -9999 -9999 -9999 -9999 -9999 -9999 -9999 -9999 -9999 -9999 -9999 -9999 -9999 -9999 -9999 -9999
965.28657947101 971.847590693953 858.271236005064 969.437233178159 1021.53547327861 1110.73558531036 1519.97715463989 1117.11051803967 1073.90361512245 873.46624765522 823.984970884273 803.285102645062 802.675587671038 822.612095413771 815.282974476885 720.560716947916 465.233874994186 521.513923812689 999.199839104014 802.808219089788 739.963049128116 825.594117129158 833.624164400667 809.456193945873 809.427493301007 851.212902861392 655.397026278377 930.901817617277 889.170056417755 -9999 -9999 -9999 -9999 -9999 -9999 -9999 -9999 -9999 -9999 -9999 -9999 -9999 -9999 -9999 -9999 -9999 -9999 -9999 -9999 -9999
942.601003064644 869.564859236991 908.072329092658 1065.17882482066 1411.22171743328 1122.2133785797 1214.65329752007 1245.37272631437 890.325804427297 831.945332688194 806.69662121656 822.949514103839 803.110777577457 619.45824838924 588.700560242494 874.998318946528 760.216007550917 894.201225091895 788.639204364844 834.166197441243 829.452804402677 841.036320628631 841.597775263827 847.309292879087 834.351313921667 831.679064224633 878.323559781678 859.17568762681 792.476539702079 -9999 -9999 -9999 -9999 -9999 -9999 -9999 -9999 -9999 -9999 -9999 -9999 -9999 -9999 -9999 -9999 -9999 -9999 -9999 -9999 -9999
1001.02866233232 884.738181757252 1440.6806119743 1265.29464109654 950.327203486999 1096.93419771292 1393.63322721396 1161.43025406476 1297.56813827403 1018.30714636702 809.406214747603 777.420792151076 818.800520116224 822.053911050018 804.828387368025 674.733421926926 765.180486898682 851.763686094798 854.110066743839 798.337526589627 753.357375397514 798.04775318257 640.248669816025 656.02368630147 846.84332938947 835.239895144873 844.17566584259 906.468574950516 881.705281716547 846.958585800994 -9999 -9999 -9999 -9999 -9999 -9999 -9999 -9999 -9999 -9999 -9999 -9999 -9999 -9999 -9999 -9999 -9999 -9999 -9999 -9999
851.975927841423 982.089512388902 1116.17619795771 1575.85105297264 1815.73610967621 1196.0668796029 1210.31953070422 1071.91364747079 1259.96184923907 967.007193528621 685.217581004623 817.201457445412 816.050358823993 785.860761076025 741.93851831152 814.478059233198 762.00618969897 808.481381016043 875.240244818356 792.875954813423 798.08638600193 845.931159368294 840.2887144272 821.834523046162 813.352417456434 820.360939179315 834.608941234758 930.384083185549 921.349294271997 765.846426611893 763.242799403851 -9999 -9999 -9999 -9999 -9999 -9999 -9999 -9999 -9999 -9999 -9999 -9999 -9999 -9999 -9999 -9999 -9999 -9999 -9999
1064.44533530002 1132.66663035808 962.527085836229 1261.14553615118 1331.00045419647 1263.79423821584 1469.77250852604 1160.26501382774 1047.09504408823 1004.39432159884 1012.68012691379 990.308548176866 1006.76588072144 1019.34927797853 914.918461848329 798.409401437842 780.522444883544 824.6731558945 822.423235476344 848.953210205305 794.908342806434 849.370424471981 841.241025630252 838.626350504289 723.362518918051 808.130263489762 828.630941622444 896.093769513099 904.916380615233 856.268339854817 824.183092589453 -9999 -9999 -9999 -9999 -9999 -9999 -9999 -9999 -9999 -9999 -9999 -9999 -9999 -9999 -9999 -9999 -9999 -9999 -9999
1210.30945826617 905.362658843657 911.010288463899 1406.21881705605 1092.49593931285 1402.36826385685 1290.25681174151 1200.77465409827 1625.73758124633 1333.68132425823 1195.85811331391 1139.42323351636 1198.49935487822 1752.49540825706 1154.49086607335 884.446780331629 843.185298111839 1052.94881315922 827.208996624567 697.943827433308 880.2318167732 928.007692830875 918.039985460426 723.491646227614 846.761714622302 840.701208456225 837.567285269254 877.649295996471 795.530417809122 825.078353724968 837.81072994988 964.621306810715 -9999 -9999 -9999 -9999 -9999 -9999 -9999 -9999 -9999 -9999 -9999 -9999 -9999 -9999 -9999 -9999 -9999 -9999
1128.34827652802 990.663079019299 950.549487308211 1083.89206133706 884.077828324664 1203.55840042184 1696.09688042342 1303.39837505831 1256.82624397367 1354.90091161013 1232.25313007076 1061.96540425858 1140.97745720753 1359.10504634674 963.568851572529 857.796352808786 1057.96798985235 807.592865171485 752.589436450274 848.722918237096 865.638121160715 773.247430323795 798.621773801452 804.172938083353 842.281102527002 838.28564061063 844.381820530457 859.427861699855 829.539329271869 776.542780502006 808.177543180488 775.189662280401 915.584871662648 -9999 -9999 -9999 -9999 -9999 -9999 -9999 -9999 -9999 -9999 -9999 -9999 -9999 -9999 -9999 -9999 -9999
861.942965291056 1033.48829409516 1381.68607230869 932.93757096012 841.68216677001 1086.81431700854 1161.39344983238 1109.64273819636 1245.69709506528 1347.38350308081 1137.19175137663 1109.90404513163 1056.19783436651 1041.61207078831 957.395873199219 972.113877943532 960.465450486768 835.521931723156 802.710421148075 750.567767395867 819.441960438615 797.800090095858 866.619355838953 840.280262186696 938.775758378814 834.222111001663 807.101359126949 894.404676612972 937.272666766776 816.701999106009 844.638147096625 776.149316554061 855.92067500034 -9999 -9999 -9999 -9999 -9999 -9999 -9999 -9999 -9999 -9999 -9999 -9999 -9999 -9999 -9999 -9999 -9999
