data/defaultdem.asc
NCOLS 350
NROWS 171
XLLCORNER 152620
YLLCORNER 418050
CELLSIZE 100
NODATA_VALUE -9999
[rows 22 to 43 of 171, columns 50 to 99 of 350]
-9999 -9999 -9999 -9999 -9999 -9999 -9999 -9999 -9999 666.83916809173 671.443779062871 684.011661654491 687.112744838898 680.54734623795 473.450156766423 482.193590748282 475.316773262143 550.290650924713 678.464794260928 624.715157228883 653.31049437693 636.475042729751 633.340493875145 648.008808122608 879.714488781426 667.098242925171 662.975843678471 630.033736022142 595.456801096713 608.202197970748 617.070142777811 584.607484856013 623.056650919782 356.392376328681 614.173553424078 614.501682228548 585.667003953071 602.439727569584 590.86888433633 527.638139554457 506.221041551242 580.595356227119 1097.12952390991 727.439473533121 574.067218188587 613.694981043512 578.399898572752 669.808789627422 530.837461895279 1447.12553313229
-9999 -9999 -9999 -9999 -9999 -9999 -9999 -9999 743.813677425488 652.341117938701 701.506135700482 686.998482609048 686.473374677409 420.149605536802 465.796066307152 584.741361580534 390.368540465749 481.732707013089 460.725728072308 653.373929500019 663.148060896088 848.594673549418 595.225598259721 538.619757562573 717.625647493375 617.542576313277 553.727032711958 569.204232312235 515.532999183218 557.11642219887 397.837626547759 516.762160968751 556.561644258361 574.818541762758 534.606124991727 651.773197130481 543.829500819318 962.229124728198 800.716095702899 1182.13986041957 802.428570109462 655.860770979272 390.509810327857 592.037820657604 620.477188953376 592.680436467221 597.210191134665 694.98654765705 587.861029389552 1226.87502526043
-9999 -9999 -9999 -9999 -9999 -9999 -9999 1024.23862157129 972.34502576522 924.047324928108 644.762786021509 628.742975027788 475.15367518211 394.991814406242 328.660209293974 747.217856807484 630.305504566386 632.281725959412 630.042262709086 659.285887558731 687.32690726709 531.96816399798 585.964889184881 659.619825835 633.239787927369 582.591243476452 621.167951080452 539.445968927829 554.310851383498 1206.12886025554 691.48832662358 632.665241932331 713.979983156133 594.048908047138 790.883854944545 692.604508103883 501.397508507159 500.832560611476 616.159175024054 626.476143525147 404.785110698865 601.048250445637 597.118244155028 572.985953326732 591.277004728533 606.096055485111 488.969186033069 531.217973615962 548.209953614296 1055.8592403786
-9999 -9999 -9999 -9999 -9999 -9999 995.036344853111 881.537765472843 871.366253459801 883.980767652894 447.999560545839 480.210789227962 361.674881704793 577.176442493311 491.320178302758 653.135591960633 620.670642677346 632.843189635689 577.259160751357 681.880620581079 686.813863110257 656.492784263979 338.009714629354 635.417492829579 595.711106920604 585.692480899505 322.036805744694 1016.91335087167 749.09220498157 759.605467431449 740.862314305718 657.306746768714 701.497725344124 882.523287660584 698.075735227733 652.608801435655 553.654002383082 584.667468787826 601.436276375531 563.202846598719 439.659851158767 303.771396104508 531.233003450784 559.150114925016 668.79269235904 570.89637452198 556.552272806379 546.09233738289 583.103207876286 759.001839225335
-9999 -9999 -9999 -9999 -9999 741.406574936673 600.47094953325 519.36498137684 503.065804801272 634.395206710551 633.034129027463 755.005113057334 754.784636034185 649.99284967047 492.378479359862 603.420017608553 570.320680186994 570.95181790496 560.721695054147 569.430843831722 515.469529171127 393.539619299404 595.11027666045 422.403939325443 568.954043587584 831.411999637998 776.666281652477 862.524162436789 905.336083632968 799.716931134127 701.539039788689 673.870068926993 668.520768444806 628.543481901135 666.036086882567 666.320409781721 400.185486113842 555.047036449425 571.258134509956 548.834016747552 571.706573133876 494.19017218953 552.921390613493 600.664244100235 587.873469821237 460.989793932097 576.337145039021 591.780315488656 525.969829865152 698.144966811821
-9999 -9999 -9999 -9999 388.463817861815 841.354086783803 474.545089035727 475.823257780559 455.06134498989 454.727748276568 630.900147015117 742.781806198708 608.843841342567 536.346974617769 622.719517614798 747.839978460805 177.964898404403 511.589111669641 564.169403880424 520.877354643288 580.96701434451 566.46634860884 565.532016304363 1002.07992572246 932.387292655129 798.3339372747 695.802074869564 752.260075441863 681.661175354725 726.827594072761 627.724329638363 660.050142211871 584.170593842727 669.308429545943 632.705905429868 622.123910416531 640.692514022894 601.406642695533 580.735268449945 596.897564207013 548.046701493452 360.459455213426 561.957740761412 583.345600584625 606.926280621035 577.825862215639 505.355612594737 587.753227846871 587.475291616303 649.490533344472
-9999 -9999 -9999 1131.31163316854 566.88215543464 700.01031361396 515.931968673566 522.167569964333 649.481153746277 603.180490862329 733.573179082198 676.344251050113 576.963490423662 618.516177587438 683.005030851102 588.028150090755 909.281190926519 603.174598276007 570.116320492208 561.149049128408 523.805799547061 514.116807909916 856.221752451897 647.125789021065 635.639510197283 609.912979411238 643.832394771188 609.791968360885 534.54663258762 487.416641865262 469.177765917969 462.524111714273 495.135915826922 574.0376851899 434.278118400858 590.574052389421 548.725524759695 561.757939045834 583.287636326571 497.411253229625 514.493285193948 543.383325158996 548.439417061178 503.670240824261 465.851701440492 528.892339331935 529.45765706871 539.813426948127 501.555396812916 667.405764470678
-9999 -9999 731.055484423897 1185.19247229907 469.935270340051 464.990400653022 605.410752800009 594.775129442032 638.857688569222 587.600167685147 710.574037364485 571.784782445815 559.890708312873 766.210410347755 709.05515855215 586.34500878121 689.642129732811 650.572473761628 882.387940784616 591.786765957124 1229.45108558303 612.792021898317 558.10481780935 557.245988606289 511.673482877263 494.902876078405 458.969951868034 565.80835015663 524.882523554932 486.300287087396 513.693204971634 629.859469866017 568.513557271428 485.092683228218 547.761989879606 438.118668583409 505.561008172973 546.49103666643 508.894360239392 463.963037841041 540.189022992871 513.035670672946 507.286587743586 493.981032311136 527.471759508246 508.213652997307 384.012023348835 520.731231456561 563.008491762145 914.27760537082
-9999 -9999 703.749756529231 1090.65273888949 1088.05733718648 458.292668476975 610.315864020766 534.689374731412 543.151027621662 708.752245488953 615.088520547568 515.198749883124 635.481761660287 677.245692465465 691.855223267264 481.327997887542 654.316683411454 532.698790722747 827.996305388453 587.452777649659 426.55026521544 580.377894081342 556.752017249196 515.88236792813 462.911113952379 431.600093173053 463.283949830242 543.437007247204 463.399106510681 404.74006502463 345.894556856039 507.939106024873 472.476393619465 468.72127989183 456.613964887337 319.006289930582 508.830236921883 556.336631419567 406.986538587989 446.81907609974 401.033073625185 550.314417535704 501.331952770592 429.12869916423 469.757236301394 526.450768235963 429.227647629424 520.781945542311 553.966665834231 697.376800926026
-9999 651.600695500344 639.888930378642 600.551786832826 617.243396505654 641.669014741678 624.73373752169 736.157638965114 683.918936234261 636.670718358586 637.212419463366 637.868782151658 701.103492222406 659.240772787051 513.037626536237 654.45745694125 558.328906409762 322.533820226672 547.631922775171 507.785438473354 520.666223982628 546.358637731215 659.186194370727 470.886312105691 461.356336288162 350.238649132847 467.959578642254 462.60585374924 467.105485390684 473.503871775925 479.895733971739 475.795133048743 415.945134325014 440.720285286887 434.58010857007 369.762031451181 482.266666531784 484.529921623639 482.705664448555 473.262839480491 475.019403705272 551.163826014503 525.77319262106 506.156874015791 494.472870628577 526.972516049994 481.56162263377 472.728082655089 345.647945915219 535.957563853426
612.074659421833 606.160941860262 625.530065492353 665.223185516306 649.641303905239 541.589585464094 596.363363855465 629.674520867712 666.978630214338 662.610893056746 653.953707724527 699.979975248353 695.145644410269 584.16390760914 680.049805003975 609.852429793727 541.397494774842 493.491162337232 491.6685551568 502.539054797423 508.921134143802 426.147072869446 448.097004977145 449.844982659912 454.612446886246 473.935000242879 467.368447050681 445.662989255728 500.968584265344 475.72883615267 461.414914396849 466.224702832762 362.049372268454 458.717665898722 469.161020979993 426.946754169904 435.620769867067 471.915002013663 421.473288404353 432.274831374143 411.45593985456 533.046326930897 332.401848468651 428.428846588239 437.617655892702 512.568056703573 566.43044024132 565.478498389268 535.638275318905 530.705220260925
602.234791309168 536.713537136734 557.831062176775 653.133436758439 589.876873481189 594.364779072412 684.360543581056 617.977063383161 649.660495694386 580.929788950281 723.14264235103 561.662825109333 603.766561224078 449.018644344427 650.912325769778 466.032554099476 377.370579461432 352.458268906895 524.107081524546 515.04345859807 145.407388058519 556.290587372545 398.508300455284 465.532226575582 327.648118870477 463.474359480971 486.953917306926 477.075681349786 463.272626339121 480.297196524889 428.776829846037 467.881763523998 405.366722755916 442.459270465224 472.323986576222 467.205427170402 452.917896819917 487.787312003421 448.327549126934 387.520642286614 461.872545241235 485.285140069423 488.55253938682 495.86775458523 462.533640344954 323.446763161311 470.274383921684 500.151014907384 473.192784967789 416.689890140853
524.023238628349 492.586536381786 556.244346980321 573.062513269068 547.088674940764 689.903319996106 562.924500456166 432.998081747103 687.676753296601 480.733846714118 607.682041184871 513.950188123802 497.388763218365 492.195208269667 659.571352379935 634.316532768769 484.426842159353 541.945156069566 528.599762447423 501.493897465433 481.099792089332 442.321970716532 431.843952094819 424.823014717584 449.547578581761 449.43776378584 487.564596600858 466.685399725528 391.271316572133 450.001466225077 413.162438101626 448.681679322804 468.863049834466 442.133532907899 467.855792620029 417.95116441578 476.527012975836 456.684025231639 488.281284451353 417.248231396502 429.193160631539 582.619692550101 486.386123069097 458.325434285774 450.294858747388 496.503598066789 441.883964673015 494.393967682594 524.767925011824 520.036344853111
525.510908992257 505.791100158778 505.790837762044 499.277219451511 560.443202093425 454.575758903874 543.003037536455 753.390821569875 613.6997792444 676.324549379567 512.386160803273 504.429028433553 515.400371151436 527.129073792687 547.08173072795 481.630292371052 479.226513595092 443.422234410708 498.211339732251 537.185118892227 466.608891382374 454.37185926526 454.868503168558 465.594462659731 299.811602135053 448.474050225197 462.162494812041 473.765465923993 433.348434656495 444.423671697019 484.656972628201 517.81003070653 450.611719253349 449.996435988716 279.713593905126 553.250955782847 487.800883936002 436.365990647532 458.107230513303 447.685436161226 416.199192738455 493.581023832052 466.446060229423 477.947341376355 478.399659941853 568.016736174419 469.882216341703 443.703917050181 482.406574936673 479.47094953325
606.386984741404 610.643598275061 511.088372522967 470.867423623372 400.368795851327 266.091246708401 426.893198199038 800.42301294387 699.858451345998 664.21234003556 444.23299455683 570.099842304766 442.406886371875 556.36333534873 556.22178583342 537.893787775362 499.961241994421 520.871418743435 481.399578444665 446.57699496989 450.869551319314 453.465392804693 457.370582221678 449.718429603705 450.335884338723 419.856473293505 434.421622201401 450.543993339141 523.460124307554 445.319472845036 442.772341300669 479.662752427153 436.374466530214 431.198825146028 437.693994577222 467.573527084762 466.788607202435 454.546387257455 472.746690015385 452.318910373411 450.26387973888 408.312037062836 435.428090699528 468.666680591595 454.411852303519 446.772368393066 254.888147918604 314.463817861815 632.354086783803 450.545089035727
427.600301582114 515.788712239777 455.941601053238 587.337367999432 673.140058387133 502.868419576239 564.628871100669 521.096898561065 637.351436133594 651.565888565876 439.757064831261 691.892081965542 332.601265977218 528.527367236435 526.978717537486 607.189346707914 870.684423619774 436.821641257406 377.254621890519 419.619086065569 457.849549423613 453.073045318598 344.504101350471 427.405535852669 303.508817928254 453.007366937164 293.07634832959 479.201776547275 451.208726095888 425.205882538378 381.77909670396 436.823651575916 415.093472509577 443.759721330407 463.068881697939 454.344510973317 436.196540692139 452.901800127138 599.592065956792 442.146509745318 457.283050500168 421.450375772222 284.31821628982 454.388564709949 447.974279810375 409.441939296531 413.311633168538 472.88215543464 556.01031361396 383.931968673566
611.317920221797 369.65800455135 533.322083606314 621.573241808373 440.583965042454 428.996052285445 548.903677470561 1060.60185774313 1056.77823279548 1117.31174712942 565.141378236294 539.951767796707 726.983597564166 494.216833326837 517.531952214408 441.019422293245 461.628357407125 452.823239345367 404.831312423213 476.502822166445 310.991422971045 472.03332076365 421.034347231739 437.958914055838 449.111536607933 316.998089093166 389.185658902827 326.777705868604 428.780990905844 444.737795464042 421.580494483119 428.92937915406 422.088074694909 419.170516895084 438.791694047079 440.612930455426 432.589660292964 455.542953770359 506.054432515411 458.946840182631 462.046579677173 435.596309714288 407.182219934114 433.069805467456 514.077270621293 457.055484423897 471.192472299068 470.935270340051 471.990400653022 429.410752800009
441.890265850123 383.322985853867 548.992526793251 806.944734189548 327.505884684497 438.713773617785 381.206778866322 595.676328921166 597.174922976299 705.462779980408 479.640618054626 559.596795032177 526.475407551725 493.060838030154 469.344398229696 453.423624657173 365.078341068825 453.764003178046 416.77976279794 477.770861109356 435.596200573913 390.039052207094 422.375514495106 437.289256938825 457.326607310639 416.431244030706 396.166864143323 409.950864340563 414.578876114482 421.197943297305 415.235569680307 433.233044785798 350.672572409873 418.743183272819 429.237485889526 357.105389865711 433.939166048742 400.108618462187 464.459283327516 435.653976906324 450.020628353928 538.541414388312 425.851323215084 233.584737283545 392.54524152275 448.749756529231 473.652738889487 450.05733718648 456.292668476975 424.315864020766
488.807583566961 656.88838659887 743.706833509216 716.339228802371 776.247786586736 430.806099818684 501.571303604516 599.216882637591 375.446706429062 677.087206771211 568.230144314701 409.450070665663 507.014319860162 521.711656078314 497.455581806731 496.420877095695 488.93388506316 478.350791127627 439.207805660661 443.970161452616 458.085069452317 409.760360121078 423.13656917343 410.71583062485 430.09199521389 330.97146875426 332.09303516198 394.577652751738 439.146363837166 316.606781481355 426.031006916706 426.312677411875 348.00236766275 344.363573157082 452.314126715706 430.191465452419 390.779860739453 307.982248351007 442.88594628882 468.570489804518 452.726271663744 462.00621408724 464.509281381042 468.431158387043 464.600695500344 363.888930378642 443.551786832826 447.243396505654 470.669014741678 441.73373752169
503.105715550836 605.449326724466 594.203336034107 593.337655290818 704.611792720204 336.124030393824 467.842381094402 674.290559620419 757.751824336246 1182.90232057063 552.780910678384 582.924680072006 533.693666812775 542.853704441495 536.818255651506 468.204065491142 472.209102868698 461.618140388148 447.104823288127 394.106761345334 452.560362561726 425.94056162945 455.01188137849 508.674504895083 457.951643652916 434.922291707683 393.503551568159 412.658418367206 407.234728085649 421.74714646248 442.132246297592 357.72391761069 441.521952620088 414.457517993913 415.940961134159 345.878596399667 428.898153641028 447.504031402984 460.124785115546 454.88455853781 462.646885839909 499.525975180276 415.884969488981 463.074659421833 401.160941860262 442.530065492353 497.223185516306 463.641303905239 391.589585464094 408.363363855465
803.939705254031 907.323101437117 817.280357025629 796.936198916663 497.067764174883 681.533332781725 577.913146590474 600.791569029481 624.173797102068 513.831585205589 595.545537409057 516.475963706829 540.771251386392 404.731343699177 400.045777505157 502.564662144396 458.365282951832 462.123960450454 394.734219909131 458.161890744637 419.41288809685 443.893627722989 439.575518385582 595.405272069035 657.878137582587 408.2567746842 419.080286371942 285.132264734553 430.928305203484 442.122107752706 470.877714355604 431.901741937137 413.011463279138 383.129724187962 417.992050793291 416.958359099658 392.676848811525 375.530382494458 449.674651314291 443.351075733004 450.768602040497 573.163712207548 416.250863758273 442.234791309168 419.713537136734 432.831062176775 471.133436758439 470.876873481189 447.364779072412 432.360543581056
621.158576940218 875.250097739918 785.723173768833 727.057441164698 398.894659112684 284.396895723158 485.415398689573 502.282972128237 601.627332389557 489.031486879591 631.005106196633 493.038588792003 482.965369984036 455.438152501433 503.782188246051 468.646344945701 264.885187596654 400.328302202522 441.030021885477 418.697447983556 447.392751594136 424.372392193625 417.126887050825 398.565092438692 425.605990162858 379.784278465413 256.591464606376 425.29227404133 434.460099919467 429.393085076177 443.642062953693 362.024529479793 432.024269551392 425.240948034388 400.775198540394 249.484194064712 370.846438522413 133.886528589102 380.957209561342 460.506203572775 438.832219778014 530.815314444204 467.542889339444 333.023238628349 391.586536381786 462.244346980321 435.062513269068 421.088674940764 461.903319996106 366.924500456166
